1	4.0	0.8649122601318568
10	4.0	1.0425015444228434
100	3.0	0.9639158979224881
1000	3.0	1.2354415362426845
1002	4.0	0.9258200997725514
1003	3.0	1.284523257866513
1004	3.0	1.3453624047073711
1005	2.0	1.1760011579094025
1006	3.0	0.9602488854864254
1007	3.0	1.3532068693177814
1008	3.0	1.0
1009	3.0	1.0537290105080181
101	4.0	1.2661653143150793
1010	3.0	1.0164620114627443
1011	3.0	1.2458887614751766
1012	4.0	1.188836966675134
1013	4.0	1.1769511492760016
1014	3.0	1.2079980377712785
1015	4.0	1.1098466815972199
1016	3.0	0.9571462961627467
1017	4.0	1.0514059850764335
1018	3.0	1.0901947487325072
1019	4.0	1.1184234797872283
102	2.0	1.2419230577438896
1020	3.0	0.9961562958335907
1021	3.0	1.3614912914100354
1022	4.0	1.2304019216861166
1023	4.0	1.4459976109624424
1024	3.0	1.0079682534683323
1025	4.0	1.0932545355277767
1026	4.0	1.3627702877384937
1027	3.0	1.0386131142856712
1028	4.0	1.3490003633053698
1029	4.0	1.1841099620036992
103	3.0	1.103970108290981
1030	3.0	1.0529461772445508
1031	4.0	1.0654670927748842
1032	4.0	1.1979626470874598
1033	3.0	1.059423249875904
1034	4.0	1.2840597820232218
1035	4.0	1.467003710456324
1036	4.0	0.8695723984557906
1037	3.0	1.2517089295437955
1038	3.0	0.9486832980505138
1039	4.0	1.0
104	4.0	1.264562747644923
1040	3.0	1.0
1041	4.0	0.8939543243578247
1042	4.0	1.0758695349190732
1043	3.0	1.3219922660143928
1044	3.0	1.0289915108550531
1046	4.0	1.1317680311815201
1047	4.0	1.1513622817888802
1049	3.0	1.0974718422102885
105	3.0	1.1335669778465887
1050	4.0	1.3339079221698873
1051	4.0	1.0502822399265612
1053	3.0	1.4142135623730951
1054	4.0	1.1672617529928753
1055	3.0	1.3333333333333333
1056	4.0	0.9793792286287205
1057	4.0	1.10443660740679
1058	3.0	1.140175425099138
1059	4.0	1.2341039471216577
106	4.0	1.6236882817719773
1060	4.0	1.3468529017132878
1061	4.0	1.0959344807327585
1062	2.0	1.0
1063	3.0	1.2649110640673518
1064	3.0	1.3919410907075054
1066	4.0	0.9191450300180579
1067	4.0	1.4770978917519928
1068	4.0	1.1631599960755994
1069	4.0	1.3272030326623945
107	3.0	1.1167178800079327
1070	3.0	0.0
1071	3.0	1.224744871391589
1073	4.0	1.3323484675655954
1076	4.0	0.9045340337332909
1077	4.0	1.3323796499603755
1078	4.0	1.2230931580690672
1079	4.0	1.3413594905985746
108	3.0	1.8257418583505538
1080	4.0	0.9340409158235159
1081	4.0	1.1791099316632365
1082	4.0	1.0416176459053668
1083	4.0	1.0710925561330733
1084	4.0	0.8265661974894187
1085	4.0	1.2465336553202861
1086	4.0	0.7800420555749596
1087	4.0	1.137592917989042
1088	3.0	1.2097755375737904
1089	4.0	1.0003973773254398
1090	4.0	0.8703120603046552
1091	3.0	1.3259202525525553
1092	4.0	1.1033282980751167
1093	3.0	1.0175195807461237
1094	4.0	1.2435501349405857
1095	4.0	1.3617584091579096
1096	4.0	1.391351881555862
1097	4.0	1.3527032181793104
1098	2.0	0.7071067811865476
1099	4.0	1.3427988711233545
11	4.0	1.173842824548579
110	4.0	0.9586025865388216
1100	3.0	1.315412582625631
1101	4.0	1.2374243527348765
1102	1.0	1.4142135623730951
1103	4.0	1.2564050365865698
1104	4.0	0.8773309202168044
1105	1.0	1.3704191988175751
1107	2.0	1.0
111	4.0	0.9037630950874069
1111	4.0	0.861356769214109
1112	3.0	1.071008320943125
1113	3.0	1.1065666703449764
1114	3.0	1.4259499757471625
1115	1.0	NaN
1116	3.0	0.9682458365518543
1117	4.0	1.0
1118	2.0	NaN
1119	3.0	0.9692233691951198
112	4.0	1.0480545203757963
1120	4.0	1.0292427601594578
1121	3.0	0.8660254037844386
1123	4.0	1.3228756555322954
1124	4.0	1.2186666955535812
1125	4.0	1.2011279421166312
1126	2.0	1.2169686348578783
1127	4.0	1.169178271111071
1128	3.0	1.4121199808219862
1129	4.0	1.0710860694003168
113	3.0	1.3301243435223524
1130	3.0	1.0299852257277244
1131	5.0	0.8892118276421005
1132	4.0	0.8784585919193317
1133	2.0	1.4142135623730951
1134	3.0	0.0
1135	3.0	0.9350851493063089
1136	5.0	0.9359995293260693
1138	4.0	1.7320508075688772
1139	4.0	0.0
114	3.0	0.9486832980505138
1142	1.0	0.0
1144	4.0	1.0327955589886444
1145	2.0	1.0
1147	4.0	0.8576171910455221
1148	5.0	0.8720661858271482
1149	4.0	1.8257418583505538
1150	4.0	1.2694349011087045
1151	4.0	1.4023789311975086
1152	3.0	1.1338934190276817
1153	3.0	1.2403473458920846
1154	4.0	1.164964745021435
116	4.0	1.0954451150103321
1160	2.0	1.3416407864998738
1161	4.0	1.3480372031495529
1162	4.0	1.2855471904785791
1163	3.0	1.699673171197595
1164	4.0	1.8027756377319946
1165	1.0	NaN
1167	3.0	1.344043010064494
1168	2.0	1.0571882797418488
1169	4.0	1.2873006086935783
117	4.0	1.0127393670836666
1170	2.0	0.9682458365518543
1171	4.0	1.2048613286416154
1172	4.0	0.8887644683099641
1173	4.0	1.2725130019381032
1174	4.0	1.4142135623730951
1175	4.0	0.9890407650230522
1176	4.0	1.3721561500062593
1177	4.0	1.3649225980362905
1178	5.0	0.9368720604447127
1179	4.0	1.212678125181665
118	3.0	1.1263466235657258
1180	4.0	1.355261854357877
1181	3.0	1.3743685418725535
1183	4.0	1.3335441803598633
1184	4.0	1.140175425099138
1185	4.0	1.3203646586675997
1186	4.0	1.1368091818174797
1187	4.0	1.107261214556111
1188	4.0	1.3797476956689232
1189	4.0	0.8767306977732161
119	2.0	1.2909944487358056
1190	4.0	1.094748045187909
1191	3.0	1.0354300481516772
1192	4.0	0.9951806948412009
1193	5.0	0.8809665647270919
1194	4.0	1.1783995894504808
1196	4.0	0.89382851142079
1197	5.0	0.9026886421326593
1198	5.0	0.8688352270773699
1199	4.0	1.0601431548484053
12	2.0	1.2589303635933795
120	3.0	1.0
1200	4.0	0.9328764032428534
1201	4.0	0.9020210086920386
1202	4.0	1.2559716512455186
1203	4.0	0.864851131510387
1204	5.0	0.9157260599477717
1205	4.0	1.3481065626825743
1206	4.0	1.111093014691577
1207	5.0	0.8964751783598464
1208	4.0	0.9471120718245253
1209	4.0	0.9941690465022817
121	4.0	0.6666666666666666
1210	4.0	0.9276386862724395
1211	4.0	1.0366719812363494
1212	5.0	0.8824429934807205
1213	4.0	0.9148532788043832
1214	4.0	0.9271539429937715
1215	4.0	1.3228756555322954
1216	4.0	1.2804432372116032
1217	4.0	0.8900195680212173
1218	4.0	0.9471638409292165
1219	4.0	0.9164805554717703
122	3.0	1.2405080022422035
1220	4.0	1.3394139952778858
1221	5.0	0.9396326521537526
1222	4.0	0.8693595995490088
1223	5.0	0.8474788132944981
1224	4.0	0.8317239361004064
1225	4.0	0.8610991073627595
1226	4.0	0.9092121131323904
1227	4.0	1.2583057392117916
1228	4.0	0.8862860478309932
123	4.0	1.3636895258111421
1230	4.0	0.9787693790543018
1231	4.0	0.8284010689926373
1232	4.0	1.4211290733558493
1233	4.0	0.8780660567406077
1234	4.0	0.8242507585541546
1235	4.0	0.9277026376528451
1236	4.0	0.8545976121261312
1237	5.0	1.0050209520671496
1238	4.0	0.9971387638065798
124	3.0	1.2089410496539776
1240	4.0	0.8660942315535745
1241	4.0	1.5084304156442152
1242	4.0	0.7999774974332965
1243	4.0	1.4572085609560002
1244	4.0	0.8702425959077259
1245	4.0	0.8981774262781437
1246	4.0	0.9124432547881709
1247	4.0	0.8692269873603532
1248	4.0	0.9101978021212503
1249	4.0	0.8932044601603113
125	4.0	1.2795405326770257
1250	5.0	0.8474961552662261
1251	4.0	0.9526221637061258
1252	5.0	0.8862691312310121
1253	4.0	0.868608246989603
1254	4.0	0.8531565543290928
1255	4.0	1.2589303635933795
1256	4.0	0.9391252073836261
1257	4.0	1.2877010901853518
1258	4.0	0.9499442651092728
1259	4.0	0.8025324267368426
126	2.0	1.4638501094227998
1260	4.0	0.8823273931282509
1261	4.0	1.3927206943096373
1262	4.0	0.7884051837811251
1263	4.0	0.9501148187522335
1264	4.0	0.8926785535678563
1265	4.0	1.3311906366854245
1266	4.0	0.9259750098547488
1267	5.0	0.850777285503554
1268	4.0	1.0584201266779474
1269	4.0	0.8536761916783495
127	1.0	NaN
1270	4.0	1.31516802153354
1271	4.0	1.2641095573457914
1272	4.0	0.850648273067106
1273	4.0	1.3364905149501527
1274	4.0	1.3631188966432126
1275	4.0	1.3064290094592805
1276	4.0	0.8234977515601014
1277	4.0	1.288495632307358
1278	4.0	0.908110361977112
1279	4.0	1.2488336527448238
128	4.0	0.8528028654224418
1280	4.0	0.8075728530872482
1281	4.0	0.9812189855859998
1282	4.0	1.4168383810007612
1283	4.0	0.8977584024968696
1284	4.0	0.8377659887175247
1285	4.0	1.2657979258268008
1286	4.0	1.1823228509775416
1287	4.0	0.9004503377814963
1288	4.0	0.9801065113039743
1289	4.0	1.4546553198086183
129	4.0	0.9128709291752769
1290	4.0	1.0322316520074908
1291	4.0	0.8285768784582834
1292	4.0	0.9794498628813549
1293	4.0	0.8543130259270643
1294	4.0	0.9118727102554177
1295	4.0	1.2115793528704122
1296	4.0	1.4116813963984183
1297	4.0	1.1809139778702138
1298	4.0	1.2956683513476501
1299	4.0	0.8417947083780888
13	3.0	1.0879675865519869
130	4.0	1.4142135623730951
1300	4.0	0.8957854714954073
1301	4.0	1.3834661161819815
1302	4.0	1.3276715950892297
1303	4.0	0.8360796171499412
1304	4.0	0.8330276825455233
1305	4.0	1.2449899597988732
1306	4.0	1.2938601447119678
1307	4.0	0.8841654619669841
131	3.0	0.9309493362512627
1310	4.0	1.2909944487358056
1311	1.0	0.0
1312	3.0	1.1801936887041646
1313	2.0	1.35400640077266
1315	2.0	0.7071067811865476
1316	4.0	NaN
1317	3.0	0.9473309334313419
132	3.0	1.130388330520878
1320	3.0	1.0776156138695334
1321	4.0	1.231431426293902
1322	1.0	1.1500350625790894
1323	1.0	0.816496580927726
1324	1.0	1.0910894511799618
1325	1.0	1.0660035817780522
1326	2.0	1.0617310051386497
1327	3.0	1.4271381025821601
1328	1.0	1.5138251770487459
1329	3.0	1.5118578920369088
133	1.0	NaN
1330	3.0	1.0954451150103321
1331	3.0	1.1338934190276817
1332	3.0	1.3751687565207737
1333	4.0	1.2755583798195473
1334	3.0	1.1056907021330074
1335	1.0	1.161895003862225
1336	2.0	1.04527154012371
1337	4.0	1.1547005383792515
1339	3.0	1.1380166814300723
134	4.0	0.0
1340	4.0	1.3960075964343195
1341	3.0	1.337333742362593
1342	3.0	1.4074242117703513
1343	4.0	1.0601446625528794
1344	4.0	1.241638702145945
1345	4.0	1.1595356692219
1346	3.0	1.0200306013770688
1347	4.0	1.2849556844930923
1348	4.0	1.4812470513065061
1349	3.0	1.7320508075688772
135	3.0	1.381698559415515
1350	4.0	1.2297377370646085
1351	3.0	1.0571882797418488
1352	3.0	1.270001270001905
1353	3.0	1.1608589849278423
1354	4.0	1.4535411775684988
1355	3.0	1.5976957091221622
1356	4.0	1.1859245812021375
1357	4.0	1.227354283602395
1358	4.0	0.8859254740542408
1359	2.0	1.1728450924396319
136	4.0	1.5118578920369088
1360	3.0	2.23606797749979
1361	4.0	1.0063092108532552
1362	4.0	0.9898474527915803
1363	3.0	1.30487650860252
1364	3.0	1.0
1365	4.0	1.304513083861144
1366	3.0	1.093737483239461
1367	3.0	1.0997119582802457
1369	4.0	1.4142135623730951
137	3.0	1.1547005383792515
1370	4.0	1.0906852691134243
1371	3.0	1.105096800308958
1372	4.0	1.1216059914247962
1373	3.0	1.3749628634319522
1374	4.0	1.3046617812715722
1375	3.0	0.9737372062667887
1376	4.0	1.2048051940274642
1377	3.0	1.3755846065250723
1378	4.0	1.1001539351049545
1379	3.0	1.4055402798429042
138	2.0	2.23606797749979
1380	4.0	1.2544040065962425
1381	2.0	1.4374370127288756
1382	3.0	1.3303538137808564
1383	1.0	1.0
1384	4.0	1.1832159566199232
1385	3.0	1.067300536298286
1386	1.0	NaN
1387	4.0	0.9498013695028208
1388	3.0	1.1213619284271004
1389	2.0	1.295926632692057
139	4.0	NaN
1390	3.0	0.939858145324779
1391	3.0	1.489009127797887
1392	4.0	1.121106923511292
1393	4.0	1.1857761545744612
1394	4.0	0.9877123646500655
1395	3.0	1.0135141263710838
1396	4.0	1.1292605358366885
1397	4.0	1.237844119635477
1398	3.0	1.0472698761772856
1399	3.0	0.9803902531868058
14	4.0	1.0291795403697983
140	3.0	1.126106541153627
1401	3.0	1.06321906614239
1404	3.0	0.9865765724632495
1405	3.0	1.1915667096846454
1406	4.0	1.2335879094879225
1407	4.0	1.1846475553971632
1408	4.0	1.2627176454600044
1409	3.0	1.02774801612785
141	4.0	1.1019939210611827
1410	3.0	1.4142135623730951
1411	4.0	1.3339893399330889
1412	4.0	1.2139539573337679
1413	3.0	1.0973065354098013
1414	4.0	1.0943513103291655
1415	4.0	1.218898800440088
1416	3.0	1.279457180274738
1417	3.0	1.3887301496588271
1419	4.0	1.3361082236051034
142	1.0	NaN
1420	5.0	1.7320508075688772
1421	3.0	1.7043362064926932
1422	3.0	0.9003967379518241
1423	5.0	1.0
1425	3.0	1.0178055529975139
1426	3.0	1.243163121016122
1427	2.0	1.140175425099138
1428	3.0	1.1963998282428863
1429	3.0	1.0446129504348567
1430	1.0	NaN
1431	3.0	1.1861392864779443
1432	3.0	1.2752500250000494
1433	1.0	1.5811388300841898
1434	4.0	0.0
1436	3.0	1.5
1437	3.0	0.9486832980505138
1438	3.0	1.3509256086106296
1439	2.0	1.1925695879998879
144	3.0	1.0023121418149286
1440	3.0	1.140175425099138
1441	3.0	0.9810708435174292
1442	3.0	0.8535639569308374
1444	3.0	0.8451542547285166
1445	2.0	1.12737205124816
1446	4.0	0.8315583934409704
1447	3.0	0.9128709291752769
1449	4.0	0.8885875603982857
145	3.0	1.0773415521294063
1450	4.0	1.3867504905630728
1453	2.0	1.1895234282663616
1454	3.0	1.11665284679121
1455	3.0	1.2535663410560174
1456	2.0	1.2786401506759573
1457	3.0	0.9090737562704264
1458	3.0	1.4446302370292303
1459	3.0	0.9609801504735785
146	3.0	1.6803361008336117
1460	3.0	1.4142135623730951
1461	3.0	1.2084970485189734
1463	3.0	1.0298573010888745
1464	4.0	1.2720281268728124
1465	4.0	1.0583005244258363
1466	4.0	1.1146029933878163
1468	2.0	1.396799538605648
147	4.0	1.1832159566199232
1470	4.0	NaN
1471	4.0	1.4142135623730951
1472	3.0	0.8505317485662419
1473	3.0	1.310705427603288
1474	2.0	1.1773728791473517
1475	3.0	1.140175425099138
1476	4.0	1.0893791754718865
1477	3.0	1.1766968108291043
1479	3.0	1.121609164298207
148	3.0	1.381698559415515
1480	3.0	1.0408329997330663
1482	3.0	0.9069623173877128
1483	3.0	1.5236235005501102
1484	4.0	1.239590805812006
1485	4.0	1.039809120713411
1486	3.0	1.0801234497346435
1487	3.0	1.0661359963592447
1488	3.0	1.2864883461611156
1489	3.0	1.3437096247164249
149	4.0	1.170284246408241
1490	2.0	1.2165525060596438
1493	4.0	1.5612494995995996
1494	3.0	1.0274023338281628
1495	1.0	0.7152816976385906
1496	3.0	1.0801234497346435
1497	2.0	1.2547781019392963
1498	3.0	1.0
1499	2.0	1.0585853839324333
15	3.0	1.3051621645841827
150	4.0	0.8049844718999243
1500	4.0	1.1983836397488166
1501	3.0	1.2602520756252087
1502	3.0	1.2583057392117916
1503	2.0	1.0992421631894098
1504	3.0	1.0327955589886444
1507	4.0	1.0121216546949479
1508	3.0	1.0281745265969475
1509	4.0	1.0
151	4.0	1.1105282779190568
1510	2.0	1.0
1511	4.0	1.103354568734741
1513	3.0	1.021648950593763
1514	3.0	1.0801234497346435
1515	3.0	1.161895003862225
1516	4.0	1.1715583722580123
1517	4.0	1.2984785372226633
1518	3.0	1.0112679612834639
1519	3.0	1.0954451150103321
152	3.0	1.1631599960755994
1520	3.0	1.1019463300386794
1522	2.0	1.0801234497346435
1523	2.0	1.2535663410560174
1525	2.0	1.0783277320343843
1526	2.0	1.0985884360051028
1527	4.0	1.2644513471471828
1528	2.0	1.4142135623730951
1529	3.0	1.224744871391589
153	3.0	1.2284220034486117
1531	3.0	1.0488088481701516
1532	3.0	1.0954451150103321
1533	4.0	1.122884484360431
1534	4.0	1.5491933384829668
1535	4.0	1.212678125181665
1537	4.0	0.8082667436804685
1538	1.0	1.2649110640673518
1539	3.0	1.449137674618944
154	4.0	1.1633113999156257
1541	3.0	0.9373692377425817
1542	4.0	1.0291121075751688
1543	4.0	1.4142135623730951
1544	3.0	1.0841764600337107
1545	4.0	0.9930312739844155
1546	4.0	1.5138251770487459
1547	3.0	1.0274023338281628
1548	2.0	1.0
1549	3.0	1.35400640077266
155	4.0	1.1309596665849142
1550	3.0	1.230563169563316
1551	3.0	1.3938641048743392
1552	3.0	1.0615872414190728
1553	2.0	1.7320508075688772
1554	4.0	1.2380818693965545
1555	3.0	1.4142135623730951
1556	2.0	1.2457578289162026
1558	1.0	1.0
156	3.0	1.1701413458342411
1561	3.0	0.5773502691896257
1562	2.0	1.139812946811453
1563	4.0	1.219499687240422
1564	4.0	1.3093073414159542
1565	3.0	1.224744871391589
1566	3.0	1.1122857039355882
1567	3.0	1.3228756555322954
1569	3.0	1.0615950861718073
157	3.0	1.4046772866284598
1570	3.0	1.365150674334655
1571	4.0	1.3228756555322954
1572	3.0	1.2489995996796797
1573	4.0	1.2050363795572057
1574	3.0	1.535298947157477
1575	4.0	1.3587324409735149
1579	3.0	NaN
158	3.0	1.4114701775154528
1580	4.0	1.1898930568733594
1581	3.0	1.4142135623730951
1582	3.0	1.089238577156585
1583	3.0	1.286019499792345
1584	4.0	1.2678843696492472
1585	3.0	1.5153535218873173
1586	3.0	1.0969217884935747
1587	3.0	1.1437793377133698
1588	3.0	1.1118053386771944
1589	3.0	0.9835717777341894
159	3.0	0.9463890182758058
1590	2.0	1.2069550292599702
1591	3.0	1.265411325532062
1592	3.0	1.283997137321049
1593	3.0	1.210718179146894
1594	4.0	1.3073447620262169
1595	1.0	1.1858541225631423
1596	4.0	1.0625592962581036
1597	3.0	1.0381607668264958
1598	3.0	1.1793680896603447
1599	1.0	1.1870513506545997
16	4.0	1.2038850472733924
160	2.0	1.039128112430105
1600	3.0	1.3665540163191765
1601	3.0	1.30487650860252
1602	2.0	1.123345344008138
1603	3.0	1.3323723722475374
1604	3.0	1.352081728298996
1605	3.0	1.2223963651627971
1606	2.0	1.1666666666666667
1608	4.0	1.1102063499795358
1609	3.0	1.2981468272831025
161	4.0	1.1222976620133973
1610	4.0	0.8265726160002532
1611	3.0	1.1614371141877489
1612	3.0	0.9813067629253163
1613	3.0	1.4263529572376852
1614	3.0	1.0469091342437498
1615	4.0	1.130823178904157
1616	3.0	0.9465405888256542
1617	4.0	0.8722511321883439
1619	3.0	1.0539465470789888
162	4.0	1.0429549856253701
1620	3.0	1.0138632953834992
1621	3.0	0.8997354108424374
1622	2.0	0.7071067811865476
1623	2.0	1.0904019341292255
1624	3.0	1.3093073414159542
1625	4.0	1.281138823697324
1626	3.0	1.2649110640673518
1627	3.0	1.1494716788865436
1629	3.0	0.9128709291752769
163	4.0	1.0939197787656865
1630	2.0	NaN
1631	4.0	1.0897247358851685
1632	2.0	1.1002392084403616
1633	4.0	1.1091387105521486
1635	4.0	1.3021720984236467
1636	2.0	1.224744871391589
1639	4.0	1.2779517290420863
164	4.0	1.0376509898417563
1640	2.0	1.2658631989888232
1641	4.0	1.2907789057926997
1642	3.0	1.0336794235569031
1643	4.0	1.2091820425896227
1644	3.0	1.3088468851536346
1645	4.0	1.138845774005285
1646	3.0	1.4060624076664854
1647	3.0	1.2938923074857454
1648	4.0	1.173983961546712
1649	4.0	1.381873535489086
165	4.0	1.1527720915886328
1650	3.0	1.0400156984686455
1651	3.0	1.479019945774904
1652	3.0	1.2909944487358056
1653	4.0	1.224744871391589
1654	4.0	1.3338177414631507
1655	2.0	1.2617865362880898
1656	3.0	1.0
1657	3.0	1.1239029738980326
1658	3.0	1.0713664578268827
1659	3.0	1.8257418583505538
166	2.0	1.3662601021279464
1660	4.0	1.049344364594206
1661	3.0	0.8775619308793742
1662	3.0	1.4689774459950382
1663	4.0	1.2305317507954974
1664	4.0	0.8660254037844386
1665	3.0	1.3318668652435455
1666	3.0	1.3377121081198773
1667	3.0	1.2886870394763368
1668	3.0	1.1355499479153377
1669	4.0	1.3437096247164249
167	3.0	1.118033988749895
1670	4.0	1.2120791238484128
1671	3.0	1.0690449676496976
1672	4.0	0.9921567416492215
1673	4.0	1.3018313494714766
1674	4.0	1.275458450273158
1675	3.0	0.8366600265340756
1676	3.0	1.2106100082531188
1677	3.0	1.2909944487358056
1678	4.0	1.2617314188691358
1679	2.0	1.3987572123604706
168	3.0	1.4774388260650737
1680	4.0	1.2234215378107685
1681	2.0	1.1104425724759102
1682	4.0	1.2344652212476945
1683	4.0	1.1560300731183064
1684	4.0	1.199415062114892
1685	4.0	1.0
1686	3.0	0.9378857231185629
1687	3.0	0.9940297973880049
1688	4.0	1.1095148049080872
1689	3.0	1.144882951271244
169	2.0	1.026436275942851
1690	3.0	1.4452297208455906
1692	2.0	1.4689774459950382
1693	4.0	1.1976166808648394
1694	4.0	1.2665920097446282
1695	4.0	1.1639753904947558
1696	4.0	1.2765694770084508
1699	4.0	1.2326721054199772
17	4.0	0.904955713902454
170	3.0	1.1305419054595014
1701	3.0	1.1184289839887682
1702	3.0	1.2076720419043168
1703	3.0	1.5040927770477501
1704	4.0	0.8504913215555879
1707	1.0	1.4574577203253436
1709	2.0	NaN
171	4.0	1.1932782757924745
1711	3.0	1.076796003509413
1713	3.0	1.06321906614239
1714	2.0	NaN
1715	3.0	1.2909944487358056
1717	3.0	1.4826455697376075
1718	3.0	1.1547005383792515
1719	4.0	0.9046662658857016
172	3.0	1.2464391293931187
1720	1.0	0.5773502691896257
1721	4.0	1.3052049151570653
1722	4.0	0.997674415456605
1724	3.0	NaN
1725	4.0	1.4924050144892729
1726	3.0	1.5048939771136507
1727	3.0	1.0715994395536397
1728	3.0	1.1751393027860062
1729	4.0	1.142054153785978
173	2.0	1.0777913077305543
1730	4.0	1.1414276774536103
1731	1.0	1.391584685352615
1732	4.0	1.3290686053263894
1733	3.0	0.8819171036881969
1734	4.0	1.3564659966250536
1735	3.0	0.9980897785804994
1739	1.0	0.872278375988647
174	2.0	1.2093386622447824
1741	4.0	1.0
1743	4.0	1.6733200530681511
1744	3.0	1.266989801811655
1746	3.0	1.2909944487358056
1747	4.0	1.1048758083496895
1748	4.0	1.307744138129966
1749	3.0	1.1547005383792515
175	4.0	1.2839010189590234
1750	2.0	1.2572371141874243
1752	3.0	1.2076988802536226
1753	3.0	1.238141722040683
1754	3.0	1.106709628380628
1755	4.0	1.203443335628631
1756	3.0	1.2806248474865698
1758	4.0	1.1590661514488048
1759	4.0	1.2
176	4.0	1.2563563875545105
1760	2.0	1.3530291315000689
1762	3.0	1.3085829666211362
1764	3.0	NaN
1767	3.0	0.9797958971132712
1769	3.0	1.0430965029494677
177	3.0	1.3566796637913194
1770	4.0	0.9128709291752769
1771	3.0	1.318760946791574
1772	2.0	1.2345110235428878
1773	2.0	2.23606797749979
1777	4.0	1.094137360607274
1779	3.0	1.2494443209327541
178	4.0	0.9128709291752769
1780	5.0	1.2535663410560174
1782	2.0	0.9258200997725514
1783	3.0	1.4012388517432361
1784	4.0	1.3436297217738273
1785	3.0	1.0083450681866366
1787	3.0	2.23606797749979
1788	4.0	1.386442289539028
179	2.0	0.9225312080288851
1791	3.0	1.3657908388126696
1792	3.0	0.9796588914638406
1793	2.0	1.4433756729740645
1794	4.0	1.0614455552060438
1795	4.0	1.0
1796	1.0	2.0
1797	4.0	0.8466802642553551
1798	3.0	1.2687616393795076
1799	4.0	1.153338059393378
18	3.0	1.071184343348939
180	4.0	1.2409673645990857
1801	3.0	1.089577664592794
1804	3.0	0.947789578306157
1805	4.0	1.1249888888340187
1806	3.0	1.4600467550548193
1807	3.0	0.9013878188659973
1809	4.0	1.5766148184367308
181	1.0	1.0884771971408735
1810	4.0	0.9985785351734189
1811	4.0	1.1902380714238083
1812	3.0	1.3206763594884356
1814	3.0	1.20761472884912
1815	2.0	NaN
1816	3.0	1.4798648586948742
1817	3.0	0.9534625892455924
182	3.0	1.0897247358851685
1820	2.0	NaN
1821	3.0	0.9636241116594315
1822	2.0	1.118033988749895
1824	3.0	1.0883317598129145
1825	3.0	1.346291201783626
1826	1.0	1.0377490433255416
1827	4.0	0.9439751632913289
1829	3.0	0.9128709291752769
183	4.0	1.0690449676496976
1830	5.0	NaN
1831	3.0	1.2603922360077393
1832	4.0	NaN
1833	3.0	0.9923663005789318
1834	4.0	1.3290072093866256
1835	3.0	1.1152737854169963
1836	4.0	1.1781594550367693
1837	3.0	1.391584685352615
1839	2.0	1.0571882797418488
184	3.0	1.1135528725660044
1840	3.0	0.907689027734269
1841	3.0	1.312784923481051
1842	4.0	0.0
1843	3.0	NaN
1844	4.0	1.0856202966836188
1845	4.0	1.2858201014657273
1846	3.0	1.3178930553209385
1848	3.0	1.087114613009218
1849	3.0	1.1547005383792515
185	3.0	1.3248704427757625
1850	3.0	1.4433756729740645
1851	4.0	0.0
1852	2.0	NaN
1853	2.0	1.0606601717798212
1854	3.0	0.8629489272626913
1855	2.0	1.2035772226330645
1856	3.0	1.100576033554158
1857	3.0	1.0215078369104984
1858	3.0	1.0706067580626215
1859	4.0	1.3319885691653277
186	3.0	1.2363540870525032
1860	4.0	1.293993278441261
1861	3.0	0.7071067811865476
1862	2.0	0.9664420066844487
1863	2.0	1.068570995129105
1864	3.0	1.2649110640673518
1865	4.0	1.1492409307804574
1866	3.0	1.2312422372581728
1867	2.0	1.1624763874381927
1868	2.0	1.4142135623730951
1869	2.0	1.1489125293076057
187	3.0	1.0963225241337864
1870	4.0	1.0812095469921834
1871	4.0	0.816496580927726
1872	3.0	1.3333333333333333
1873	4.0	1.2804432372116032
1874	3.0	1.1435437497937313
1875	3.0	1.0796500228218129
1876	3.0	1.0485955238827482
1877	2.0	1.4142135623730951
1878	2.0	1.0
1879	4.0	1.3801311186847085
188	3.0	1.1501092655705905
1880	3.0	1.1489125293076057
1881	3.0	1.3327112976879405
1882	2.0	1.1599058263947197
1883	4.0	1.1644559964732346
1884	4.0	1.293599889224127
1885	4.0	1.189603508490753
1886	2.0	1.9148542155126762
1887	2.0	1.2953633087651184
1888	3.0	1.5021573432692807
1889	4.0	1.181453906563152
189	3.0	1.0690449676496976
1890	3.0	1.224744871391589
1891	2.0	1.4142135623730951
1892	3.0	0.9630680142129111
1893	4.0	1.2649110640673518
1894	3.0	1.351909602920286
1895	3.0	1.1029022815385554
1896	3.0	0.872278375988647
1897	4.0	1.2643120059877817
1898	4.0	1.1435437497937313
1899	3.0	1.4142135623730951
19	2.0	1.2732376135735846
190	4.0	1.3371158468430429
1900	4.0	1.0488088481701516
1901	4.0	1.224744871391589
1902	3.0	1.2730630994465333
1903	3.0	0.8944271909999159
1904	4.0	1.191487665543734
1905	1.0	1.0
1906	3.0	1.0
1907	4.0	1.2268302549406043
1908	3.0	NaN
1909	4.0	1.0238365133311815
191	2.0	1.1449064637824395
1910	4.0	1.036822067666386
1911	3.0	1.3495528058084274
1912	4.0	1.2317017924004274
1913	4.0	1.2800602395463543
1914	4.0	1.2492585402027643
1915	4.0	NaN
1916	4.0	1.2740602268952492
1917	3.0	1.2186557066249064
1918	3.0	1.1065942789494227
1919	3.0	1.0383934078976125
192	3.0	1.4142135623730951
1920	3.0	1.349420853224989
1921	4.0	1.326576014244426
1922	3.0	1.1202240672224077
1923	4.0	1.4219345309186981
1924	2.0	1.5887710811778697
1925	4.0	1.365150674334655
1926	3.0	1.1639753904947558
1927	4.0	0.8698013032389091
1928	4.0	0.9063269671749657
1929	4.0	1.1193802071650056
193	2.0	1.0865337342004415
1930	4.0	1.4142135623730951
1931	4.0	0.7588760486027063
1932	3.0	1.121223821162776
1933	3.0	1.1832159566199232
1934	4.0	0.9389243565742775
1935	4.0	0.8184200148791065
1936	4.0	1.247219128924647
1937	4.0	1.282638409811035
1938	4.0	1.2162807418417865
1939	4.0	0.9062431217640666
194	4.0	1.222817655608523
1940	4.0	1.2064640713902572
1941	4.0	1.3594904507624486
1942	4.0	0.8130294884889123
1943	3.0	1.0408329997330663
1944	4.0	0.8640349957201972
1945	4.0	0.87654992347257
1946	4.0	1.2909944487358056
1947	4.0	0.9814060804462351
1948	4.0	1.294266936745778
1949	4.0	0.8211649813560638
195	3.0	1.2384435115451748
1950	4.0	0.7980523842888788
1951	4.0	1.2514142942483344
1952	4.0	0.9156246938895996
1953	4.0	0.8331782801487494
1954	4.0	1.3484296093409984
1955	4.0	1.1931065861616683
1956	4.0	1.358620551284111
1957	4.0	1.3104272544698938
1958	4.0	1.2525965470337335
1959	4.0	1.2489995996796797
196	3.0	1.2952203011130194
1960	4.0	1.3369373862687621
1961	4.0	0.8206330944435595
1962	4.0	1.2627232658357688
1963	4.0	0.8302066175889267
1964	4.0	1.175610394928716
1965	4.0	1.2505998560690785
1966	4.0	1.200676628190219
1967	4.0	1.1990050124547023
1968	4.0	1.2667602000462939
1969	2.0	1.1859989066577619
197	3.0	1.0897247358851685
1970	3.0	1.3068531549257267
1971	2.0	1.070153360863589
1972	2.0	1.4265959061335431
1973	2.0	1.1580680011670743
1974	3.0	1.1348897230763453
1975	2.0	1.224744871391589
1976	2.0	1.4477429315868187
1977	2.0	1.2051476890327395
1978	2.0	1.215679277685809
1979	2.0	1.2448090413993422
198	3.0	1.0940840313018323
1980	2.0	1.2018504251546631
1981	1.0	1.4033487645991787
1982	4.0	1.3431159279971345
1983	3.0	1.386607519224937
1984	2.0	1.2480754415067656
1985	2.0	1.3375584099395434
1986	2.0	1.1952286093343936
1987	2.0	1.0749676997731399
1988	2.0	1.0295630140987
1989	1.0	0.8864052604279183
199	4.0	1.4050401884054715
1990	1.0	1.2909944487358056
1991	3.0	1.3503812097939996
1992	2.0	1.118033988749895
1993	2.0	1.4105259066508964
1994	4.0	1.1651963867294455
1995	2.0	1.0694140492997926
1996	2.0	1.30487650860252
1997	4.0	1.459870446120824
1998	1.0	1.2210943569484827
1999	3.0	1.4502326031277202
2	3.0	1.003565073696199
20	3.0	1.0521018196893828
200	2.0	1.1677484162422844
2000	4.0	1.2402138449895699
2001	4.0	1.0693756853583514
2002	3.0	1.0154855913636422
2003	3.0	0.9954736269412082
2004	2.0	1.264271627984329
2005	4.0	1.2095193520308234
2006	4.0	1.0774488991809459
2007	3.0	1.118033988749895
2008	3.0	1.1952286093343936
2009	4.0	1.0995572419233268
201	3.0	1.2624381172952597
2010	4.0	0.9400643223910575
2011	3.0	1.0335763322426503
2012	3.0	1.0547356569376485
2013	4.0	1.022295733546657
2014	3.0	1.0083450681866366
2015	3.0	1.042627085829608
2016	3.0	1.2765694770084508
2017	3.0	1.4142135623730951
2018	4.0	1.2460822960123357
2019	5.0	0.9314631525002531
202	2.0	1.217685764345488
2020	4.0	1.3355443670940639
2021	3.0	1.2355766856787536
2022	4.0	1.3262327399941578
2023	3.0	1.1068410114282718
2024	3.0	1.0910894511799618
2025	3.0	1.026910636104941
2026	3.0	1.286953767623375
2027	3.0	1.165922381636102
2028	5.0	0.9105962444255912
2029	4.0	1.1254628677422756
203	3.0	1.1710196961250785
2031	3.0	1.092906420717
2032	3.0	1.4411533842457842
2033	3.0	1.1319925066783258
2034	3.0	1.2909944487358056
2035	3.0	1.0856202966836188
2036	2.0	1.0906299483374395
2037	4.0	1.0370495157480224
2038	3.0	1.3943322547184454
2039	1.0	NaN
204	3.0	1.4089529853233163
2040	3.0	1.3660679823066877
2041	3.0	1.3616778865306827
2042	3.0	1.2583057392117916
2043	3.0	1.0251611648968852
2044	3.0	1.066421540461737
2045	3.0	1.0274023338281628
2046	3.0	1.0430007033984778
2047	3.0	0.9759000729485332
2048	4.0	1.0848608560193684
2049	3.0	1.130388330520878
205	4.0	1.2724180205607036
2050	3.0	1.2541194257249118
2051	3.0	1.2727922061357855
2052	3.0	1.4769288003552106
2053	2.0	1.0538151241035942
2054	3.0	1.3199761985547156
2055	3.0	1.2197560731756085
2056	4.0	1.3060943124220303
2057	3.0	0.9486832980505138
2058	4.0	1.047732962592213
2059	3.0	1.1481951314672492
206	4.0	1.2521586299538494
2060	3.0	1.56542308995027
2061	4.0	1.1547005383792515
2062	3.0	1.06321906614239
2063	2.0	1.8516401995451028
2064	4.0	0.9784375427660689
2065	4.0	1.0929595918679094
2066	4.0	0.8728715609439694
2067	4.0	0.9638215823630297
2068	4.0	1.3310347641241707
2069	4.0	1.258067491412778
207	3.0	1.1025408519756668
2070	4.0	1.329684487576621
2071	4.0	1.2485285456935955
2072	3.0	1.4351315789873145
2073	4.0	1.2403473458920846
2074	4.0	0.9746794344808963
2075	4.0	1.2349089035228469
2076	4.0	1.3090566843175693
2077	4.0	0.9835244081556433
2078	4.0	1.2256681620401642
2079	4.0	0.7844645405527362
208	3.0	1.2943664919120146
2080	4.0	1.2087935818503486
2081	4.0	1.2666683633637557
2082	3.0	1.3662601021279464
2083	4.0	1.1986582537134602
2084	3.0	1.2597446256043843
2085	4.0	1.1493137020916453
2086	4.0	1.164964745021435
2087	4.0	1.1320860775644126
2088	3.0	1.237705495510552
2089	3.0	1.0104496045629117
209	2.0	1.1025816407458469
2090	4.0	1.103513450522408
2091	3.0	1.492322695340062
2092	2.0	1.1249142628509214
2093	3.0	1.4485102064472373
2094	3.0	0.982846068597633
2095	3.0	1.3627702877384937
2096	4.0	1.160628632909516
2097	4.0	1.0324910342705436
2098	3.0	1.1372481406154653
2099	4.0	1.2154310870109943
21	4.0	1.1240412068453483
210	3.0	0.9486832980505138
2100	3.0	0.9609411622902939
2101	4.0	1.3627702877384937
2102	3.0	1.1736911946539275
2103	3.0	0.9574271077563381
2104	3.0	0.8548504142651103
2105	3.0	1.0936537072458306
2106	3.0	1.1349200316590018
2107	3.0	1.335225929507169
2108	4.0	1.1474962190855071
2109	4.0	1.2543630150106362
211	4.0	0.937436866561092
2110	3.0	0.9986329453622295
2111	3.0	1.0191100082931261
2112	4.0	1.1099027245533792
2113	2.0	1.1094003924504583
2114	4.0	1.1202240672224077
2115	4.0	1.2083192971970138
2116	3.0	1.187270392110278
2117	4.0	1.2046839991907161
2118	4.0	1.1382355250550027
2119	2.0	1.140775991601199
212	2.0	1.3867504905630728
2120	3.0	1.3785553807371453
2121	3.0	1.2851612133356247
2122	2.0	1.2491376335641349
2123	3.0	1.358600159179795
2124	3.0	0.9887161409085662
2125	4.0	1.1913341716049846
2126	3.0	1.2605827326720491
2127	3.0	1.4142135623730951
2128	4.0	1.1547005383792515
2129	4.0	1.5118578920369088
213	4.0	1.028288407588225
2130	4.0	1.209151026390195
2131	4.0	1.4621665549733924
2132	4.0	0.9621204060177061
2133	3.0	1.03905227473387
2134	3.0	1.0300018120418188
2135	3.0	0.9851213808567435
2136	3.0	1.0442689967420085
2137	4.0	1.238658223057671
2138	4.0	1.242080173698436
2139	4.0	1.285369173834303
214	4.0	0.8819171036881969
2140	4.0	1.1846455374352716
2141	3.0	1.0764798804448141
2142	3.0	1.3171939872319491
2143	3.0	1.094413136340363
2144	4.0	1.1484517857438652
2145	3.0	0.9751241213420584
2146	3.0	0.9681538810137247
2147	3.0	1.1248188259912562
2148	3.0	1.412069188793309
2149	2.0	1.1461786467196458
215	4.0	1.2958569685805867
2150	4.0	1.2549613356157592
2151	3.0	1.1363707945372254
2152	2.0	1.2485285456935955
2153	2.0	1.4446826689405816
2154	3.0	1.362393154678072
2155	3.0	1.025978352085154
2156	4.0	1.541103500742244
2157	3.0	1.2354415362426845
2158	3.0	1.6222142113076254
2159	4.0	1.2725038526644512
216	3.0	1.2633468240115668
2160	4.0	1.3380717490575305
2161	4.0	1.2094423162484345
2162	2.0	1.2270622715175534
2163	3.0	1.3233365075426287
2164	2.0	1.1920791213585393
2165	3.0	1.1902380714238083
2166	4.0	1.1496426930478538
2167	4.0	1.193007680919395
2168	3.0	1.0377490433255416
2169	3.0	1.3865354738177595
217	3.0	1.259881576697424
2170	3.0	1.3670597861894678
2171	4.0	1.2382783747337807
2172	3.0	0.5773502691896257
2173	4.0	1.2340728421841693
2174	4.0	1.1226641673554871
2175	4.0	1.3503812097939996
2176	4.0	1.2204399551844107
2177	3.0	0.9239364353597956
2178	4.0	1.0568922729378547
2179	3.0	0.9733285267845752
218	3.0	1.0229329169487702
2180	3.0	1.0
2181	4.0	1.082099889538933
2182	4.0	1.0793277785771325
2183	4.0	1.2786052794643692
2184	4.0	1.128703948225453
2185	4.0	1.118033988749895
2186	4.0	0.8493607722362279
2187	4.0	1.1135528725660044
2188	3.0	1.287988636860656
2189	4.0	1.118033988749895
219	3.0	0.9759000729485332
2190	3.0	1.3431014736897027
2191	3.0	1.247219128924647
2192	3.0	1.7320508075688772
2193	4.0	1.118452649685276
2194	4.0	0.7923927834528821
2195	3.0	1.1427905097845936
2196	2.0	1.1094003924504583
2197	5.0	1.1832159566199232
2198	4.0	1.4142135623730951
22	3.0	1.0377490433255416
220	2.0	1.2322818340454909
2200	2.0	0.7559289460184544
2201	3.0	0.9176629354822471
2202	4.0	1.3228756555322954
2203	4.0	0.8929802870743835
2204	4.0	1.1918282365569903
2205	4.0	1.2119199643540823
2206	4.0	0.8781140799175228
2207	3.0	1.3627702877384937
2208	4.0	0.8790490729915326
2209	3.0	1.2909944487358056
2210	4.0	1.0988845115895123
2211	4.0	1.4142135623730951
2212	4.0	1.2642884152163991
2213	1.0	NaN
2214	3.0	NaN
2215	4.0	1.044465935734187
2217	1.0	NaN
2218	2.0	NaN
2219	3.0	1.1547005383792515
222	4.0	1.0181283641337464
2221	4.0	1.449137674618944
2223	3.0	0.7071067811865476
2226	3.0	NaN
2227	4.0	1.284523257866513
223	4.0	1.3861213469162927
2231	4.0	1.0454775252553032
2232	4.0	1.2088039115388916
2233	2.0	0.8660254037844386
2234	2.0	1.2535663410560174
2235	2.0	NaN
2236	4.0	1.2114708793620623
2237	4.0	1.0115610777177464
2238	4.0	1.4689774459950382
2239	4.0	1.3768926368215255
224	3.0	1.0332146280093346
2240	4.0	1.0413396111038937
2241	3.0	1.2624381172952597
2242	2.0	1.1832159566199232
2243	4.0	1.1399527998065542
2244	1.0	1.5275252316519468
2245	4.0	0.9723266443504673
2246	3.0	1.1766968108291043
2247	3.0	0.9228479569508466
2248	4.0	0.8515175551736404
2249	3.0	1.0330667407076382
225	3.0	0.9409439377939295
2250	3.0	1.0480270300606302
2251	3.0	1.0
2252	3.0	0.9781394362547483
2253	2.0	1.3431679819703986
2254	2.0	NaN
2255	3.0	1.1657505560686467
2256	2.0	1.1978241142570356
2257	3.0	1.5
2258	3.0	1.4142135623730951
2259	3.0	1.2369316876852983
226	2.0	NaN
2260	3.0	1.4215601757693317
2261	3.0	1.0517841983981315
2262	3.0	0.9559530081788298
2263	3.0	1.0449660391555822
2264	3.0	1.1207575835012715
2265	2.0	1.126185012742946
2266	3.0	1.288329854669599
2267	3.0	1.3344743975843896
2268	4.0	1.2626716210644435
2269	3.0	1.1666666666666667
227	3.0	1.195695404356812
2271	3.0	0.9237604307034013
2272	4.0	1.0440737953277488
2273	4.0	1.0627290206096784
2275	4.0	1.4540583599999397
2276	4.0	1.1420804814403216
2277	2.0	NaN
2278	4.0	1.1061656677333869
2279	3.0	1.3199326582148887
228	2.0	1.0
2280	4.0	1.0
2281	4.0	1.0488088481701516
2282	4.0	1.1764892622234102
2283	3.0	1.35400640077266
2284	4.0	1.2535663410560174
2285	4.0	1.2438528093471328
2286	3.0	1.2149857925879117
2287	3.0	1.1248257531326327
2288	4.0	1.2744898290391824
2289	4.0	1.3113159961506196
229	4.0	1.1356582347556083
2290	3.0	1.0408329997330663
2291	4.0	1.135817556537638
2292	2.0	1.1697953037312037
2293	3.0	0.9574271077563381
2294	4.0	1.0529461772445508
2295	4.0	1.1935901868927103
2296	2.0	1.2487756241377228
2297	3.0	1.1692868075960146
2298	2.0	1.224744871391589
2299	4.0	1.0
23	3.0	1.3206059215375343
230	4.0	1.0283342182227606
2300	4.0	0.8887937544219938
2301	4.0	1.2136609794225788
2302	4.0	1.1812669914414458
2303	4.0	1.37997137204158
2304	4.0	1.2909944487358056
2305	4.0	1.35400640077266
2306	3.0	1.280800311602963
2307	3.0	1.2944789205219511
2308	2.0	NaN
2309	4.0	1.0
231	3.0	1.3352919352531298
2310	4.0	1.2170468386708857
2311	3.0	1.034583236548683
2312	4.0	1.185774264377755
2313	4.0	0.8245147429873578
2314	3.0	1.3794609894300105
2315	2.0	1.3293318952282882
2316	3.0	1.4202187425167099
2317	2.0	1.2535663410560174
2318	4.0	1.467516615127059
232	4.0	0.8093654698392537
2320	3.0	0.9616294415187686
2321	4.0	1.1570683904400703
2322	3.0	1.4215348204228908
2323	4.0	1.4245742398014511
2324	5.0	0.9811427936754332
2325	3.0	1.3018891098082386
2326	3.0	1.2060453783110545
2327	3.0	1.3065491598369756
2328	3.0	1.4567405476802704
2329	4.0	0.8819171036881969
233	4.0	1.2876799517425355
2330	4.0	0.9317359433508338
2331	3.0	1.0111735311569225
2332	3.0	1.5118578920369088
2333	4.0	1.251688634102654
2334	3.0	0.9397429877987296
2335	3.0	1.5316860162924928
2336	4.0	0.8898814569765183
2337	3.0	1.2132600710482482
2338	2.0	1.183790751872005
2339	3.0	1.286019499792345
234	2.0	1.12566570866809
2340	3.0	1.0946463944411335
2341	3.0	1.0115610777177464
2342	4.0	1.4832396974191326
2343	2.0	0.0
2344	3.0	1.0793516572461452
2345	3.0	0.9258200997725514
2346	3.0	1.0116379645097637
2347	4.0	1.0817637292669073
2348	4.0	1.07476300250388
2349	4.0	1.0470843051868721
235	4.0	1.2295849095024003
2350	3.0	1.2692955176439846
2351	5.0	1.0744977685158097
2352	4.0	1.2919195613222676
2353	4.0	1.1285194863195935
2354	3.0	1.4442002235542986
2355	4.0	1.2261832099628627
2356	3.0	1.3841204693538096
2357	4.0	0.7642723006446788
2358	4.0	0.816496580927726
2359	4.0	1.2865732218846526
236	3.0	1.0182941995921793
2360	5.0	0.9737945687202026
2361	3.0	1.31623860923205
2362	3.0	1.6349547159101756
2363	3.0	1.243650540411842
2364	3.0	1.378404875209022
2365	3.0	1.4529663145135578
2366	4.0	1.2103308069497594
2367	3.0	1.2817398889233114
2368	1.0	1.0922373625455004
2369	3.0	1.4032144266134166
237	3.0	1.403121520040228
2370	4.0	1.0140852007234111
2371	4.0	1.1766968108291043
2372	3.0	1.4755389489516764
2373	2.0	1.1646385614101074
2374	3.0	1.2878028630158302
2375	3.0	1.3455673742897447
2376	3.0	0.950957931590205
2377	3.0	1.454436184706849
2378	3.0	1.4598177835487032
2379	2.0	1.103970108290981
238	3.0	1.545023227719748
2380	2.0	1.0127393670836666
2381	2.0	1.3621642079719203
2382	1.0	1.2665018143048923
2383	1.0	1.138989594902999
2384	3.0	1.2730630994465333
2385	3.0	1.132589343358684
2386	2.0	1.4680505487867588
2387	3.0	1.4969103983674978
2388	4.0	1.2817398889233114
2389	3.0	1.3509607903393128
239	3.0	1.478387209940268
2390	4.0	1.1772927575934826
2391	4.0	1.2037128940003907
2392	2.0	1.1025816407458469
2393	3.0	1.0712808594858514
2394	4.0	1.1413887007018975
2395	4.0	1.3616088539084334
2396	4.0	0.9488613375187324
2397	3.0	0.8257228238447705
2398	4.0	1.3443912610534308
2399	3.0	1.299688112275091
24	3.0	1.082473832808854
240	3.0	1.3314380468978917
2400	3.0	1.318368399991155
2401	4.0	1.125558096652015
2402	3.0	1.3369741957120937
2403	4.0	1.177439440635329
2404	2.0	1.132843031197762
2405	3.0	0.958980113006968
2406	4.0	1.1063265039459795
2407	4.0	1.0361620726488785
2408	3.0	1.0801234497346435
2409	3.0	1.0056148672634375
241	3.0	1.14953406710222
2410	3.0	1.3702189606044721
2411	3.0	1.3264080400729081
2412	2.0	1.1257882871123093
2413	3.0	1.1651034560709261
2414	3.0	0.9731854638710686
2415	3.0	1.3093073414159542
2416	3.0	1.0361729541610532
2417	3.0	1.3848495294356287
2418	3.0	0.9481996460700349
2419	3.0	0.9701425001453319
242	4.0	1.1583488904033767
2420	3.0	0.9836054467095777
2421	3.0	1.178412263252922
2422	2.0	0.9496074904743077
2423	4.0	1.2295011800526963
2424	3.0	1.1055415967851334
2425	4.0	1.059625885652035
2426	3.0	1.6870547845739468
2427	3.0	1.2790270616522947
2428	3.0	1.299789646442839
2429	3.0	1.2967514202074566
243	2.0	1.0
2430	3.0	1.0838935255942692
2431	3.0	1.2208547243337835
2432	3.0	0.9684683962230046
2433	3.0	0.9278382386246052
2434	4.0	1.0735652625161434
2435	3.0	1.178030178747903
2436	4.0	1.2196734422726125
2437	4.0	1.0177004891982149
2438	4.0	NaN
2439	4.0	1.1510313186211314
244	2.0	1.2909944487358056
2440	4.0	1.1131623577819225
2441	3.0	1.0
2442	4.0	1.1922179531439467
2443	4.0	1.2231107881136525
2444	4.0	1.0
2445	3.0	1.2874526191574363
2446	3.0	1.270001270001905
2447	3.0	1.0919948856055504
2448	2.0	1.1392420025725578
2449	1.0	1.0
245	3.0	1.0
2450	2.0	1.0884656658680936
2451	3.0	1.2852181582461844
2452	1.0	1.3944333775567925
2453	3.0	0.9739463170891035
2454	3.0	1.1079518993500965
2455	4.0	1.0842974382425883
2456	2.0	1.051668705980077
2457	3.0	0.9664929007146317
2458	3.0	1.113692092779409
2459	3.0	1.3510008334684773
246	4.0	0.8585236962733975
2460	2.0	1.2819821609014554
2461	2.0	1.101414887360054
2462	1.0	1.434086389861122
2463	4.0	1.050416835083178
2464	2.0	1.0
2465	2.0	1.024099842693513
2466	3.0	1.0801234497346435
2467	4.0	1.2833778958394957
2468	3.0	1.3912788492826038
2469	3.0	0.974933356442865
247	4.0	1.2907232029194415
2470	3.0	0.9800423387435703
2471	3.0	1.156097635730393
2472	3.0	1.2113592796308725
2473	2.0	1.0026007846263303
2474	4.0	0.936585811581694
2475	3.0	0.9596162302465074
2476	3.0	0.9607689228305228
2477	2.0	1.0359395405656244
2478	3.0	1.1297824793756652
2479	2.0	1.0565410875907486
248	3.0	1.3616220468764986
2480	4.0	1.0
2481	4.0	1.071008320943125
2482	3.0	1.203443335628631
2483	2.0	1.9472202409246537
2484	2.0	NaN
2485	3.0	0.9926379366867022
2486	2.0	1.0606601717798212
2487	3.0	1.224744871391589
2488	4.0	1.3318444067568567
249	4.0	1.2121182983647962
2490	4.0	1.0572963859147508
2491	3.0	1.3860204297119676
2492	3.0	1.4370864244381225
2493	4.0	1.0183501544346312
2494	4.0	0.9198662110077999
2495	4.0	1.3354793725996577
2496	3.0	1.0220412149836953
2497	3.0	1.4635613531108036
2498	2.0	1.1487698338429422
2499	4.0	1.2366938848016846
25	4.0	1.2728002313832258
250	3.0	1.3390681268239724
2500	3.0	1.2789031317261612
2501	4.0	0.8608462220733281
2502	4.0	1.2777347924238343
2503	5.0	0.8660254037844386
2504	3.0	1.422048600513436
2505	3.0	1.4102942562808987
2506	4.0	1.191533921640401
2507	3.0	1.7211229331292395
2509	3.0	1.2366938848016846
251	3.0	1.0
2510	4.0	1.0
2511	4.0	1.2521586299538494
2512	4.0	1.6666666666666667
2513	3.0	1.487889710117549
2514	2.0	1.1306019943221475
2515	1.0	1.2602520756252087
2516	1.0	1.381698559415515
2517	3.0	0.9870484820323432
2518	4.0	1.0302589223583438
2519	3.0	1.142481141154959
252	3.0	0.9277153322571089
2520	3.0	1.1015821104517882
2521	3.0	1.2369803886592992
2522	2.0	1.0253204627247285
2523	2.0	1.0
2524	3.0	0.9732264953857117
2525	2.0	1.0821518523658995
2526	2.0	1.0303098861694289
2527	4.0	1.0765942216593196
2528	4.0	1.0583005244258363
2529	4.0	1.247219128924647
253	4.0	1.159586320285244
2530	3.0	1.4190617547296043
2531	3.0	1.341880429403723
2532	3.0	1.3740288141348524
2533	3.0	1.0537502599713133
2534	3.0	0.9682458365518543
2535	3.0	1.2722594341550824
2536	2.0	1.2583057392117916
2537	2.0	1.2792042981336627
2538	4.0	1.8027756377319946
2539	3.0	1.0097089655549025
254	3.0	0.8219949365267865
2540	3.0	1.0
2541	3.0	1.0859150378984768
2542	4.0	1.343908383629533
2543	3.0	1.0
2544	3.0	1.137592917989042
2545	3.0	1.5954480704349312
2546	3.0	1.3161089837634485
2548	2.0	1.0830867569483633
2549	2.0	1.18903032065977
255	2.0	1.0813097471264972
2550	4.0	1.321836883754099
2551	3.0	1.155468036329315
2552	2.0	1.2018504251546631
2553	3.0	1.0536089137432665
2554	3.0	1.1287488977066928
2555	1.0	1.1904528189350594
2556	3.0	NaN
2557	4.0	1.5811388300841898
2558	3.0	1.2071722980854709
2559	3.0	1.4142135623730951
256	3.0	1.2331817900005417
2560	3.0	1.2199324957216473
2561	3.0	0.9567573440452993
2562	4.0	1.8371173070873836
2563	3.0	NaN
2565	4.0	1.3226209379684568
2566	3.0	1.2506408613597126
2567	3.0	0.9021937088963173
2568	2.0	1.0
2569	4.0	1.3693063937629153
257	3.0	1.0889631343459714
2570	4.0	1.156128739962093
2571	5.0	0.9830545722413557
2572	4.0	1.0764749338752866
2573	3.0	1.0105823052798226
2574	3.0	1.224744871391589
2575	4.0	0.9710083124552245
2576	2.0	1.0
2577	3.0	0.816496580927726
2578	3.0	0.816496580927726
2579	4.0	1.2392393980641052
258	2.0	1.237525163973861
2580	4.0	1.2587642887475157
2581	3.0	1.0032051364234478
2582	3.0	1.2089410496539776
2583	4.0	1.1821319289469756
2584	3.0	NaN
2585	4.0	1.3288933165640162
2586	3.0	1.5275252316519468
2587	3.0	1.3349824784699544
2589	3.0	1.339272486707165
259	3.0	1.3200660049504125
2590	3.0	1.129865365732064
2591	2.0	1.4142135623730951
2592	3.0	NaN
2593	4.0	1.2718675476729209
2594	4.0	1.454219412042301
2596	4.0	1.2510864843424485
2597	3.0	1.2786401506759573
2598	3.0	0.9915052731916847
2599	4.0	1.3134613820375074
26	4.0	1.087114613009218
260	5.0	0.9204114246550026
2600	3.0	1.2061375237349052
2602	3.0	1.61245154965971
2605	3.0	1.000644122450042
2606	3.0	1.4878145828730502
2607	4.0	0.9463204468147677
2608	3.0	0.8660254037844386
2609	4.0	0.8616404368553291
261	4.0	1.1367732936371968
2610	4.0	1.2649110640673518
2611	4.0	1.2838519626767588
2612	4.0	0.7981459998252431
2613	3.0	1.0053428697286741
2614	2.0	1.3206763594884356
2615	3.0	0.9675588936937934
2616	3.0	1.2032593510173084
2617	3.0	1.1515397247053845
2618	4.0	1.3416407864998738
2619	3.0	NaN
262	4.0	1.3201098660640076
2620	4.0	1.0555973258234952
2621	4.0	1.21872643265298
2622	3.0	1.0688835658268332
2623	3.0	1.5275252316519468
2624	4.0	1.0
2625	3.0	1.116312611302876
2626	4.0	1.2366938848016846
2627	4.0	1.1766968108291043
2628	4.0	1.1980419774837818
2629	3.0	1.2846593518710128
263	4.0	1.3333333333333333
2630	4.0	1.2349089035228469
2631	2.0	1.0
2632	4.0	1.5811388300841898
2633	4.0	1.2585113951319704
2634	3.0	1.0784449352010836
2635	3.0	1.1972189997378648
2636	3.0	1.1547005383792515
2637	3.0	1.299038105676658
2638	3.0	1.4142135623730951
2639	3.0	1.0743933114340953
264	4.0	1.3228756555322954
2640	4.0	1.0684976095841963
2641	3.0	0.9964433793668478
2642	2.0	1.0232589230148017
2643	2.0	1.3339625906874129
2644	4.0	1.379475837591181
2645	3.0	1.1898914169614032
2646	3.0	1.4867838833500564
2647	3.0	1.2207358757861475
2648	4.0	1.3824294235551815
2649	3.0	1.1524430571616109
265	4.0	1.3685365715246776
2650	3.0	1.4684175155588413
2651	3.0	1.1439589045541112
2652	3.0	1.5937377450509227
2653	3.0	1.4313561708410936
2654	4.0	1.2262786789699316
2655	1.0	1.335143698502964
2656	3.0	1.3908365214892067
2657	3.0	1.2934023389454692
2658	3.0	1.3038404810405297
2659	3.0	1.0327955589886444
266	4.0	1.1713919458956046
2660	4.0	1.4221069086751152
2661	3.0	1.1913667943625412
2662	4.0	1.2269144831389718
2663	3.0	1.0741723110591492
2664	4.0	1.341878518545064
2665	4.0	1.1832159566199232
2666	3.0	1.247219128924647
2667	2.0	1.3377121081198773
2668	3.0	1.0914103126634984
2669	4.0	1.177621523593293
267	3.0	1.4293933914867172
2670	4.0	0.7402332101976052
2671	4.0	1.1963787894972568
2672	3.0	1.0352752637800595
2673	4.0	1.7320508075688772
2674	3.0	1.4422205101855958
2675	4.0	1.4142135623730951
2676	3.0	1.0388673077053046
2677	4.0	1.0043573191121518
2678	3.0	1.0992421631894098
2679	3.0	1.3228756555322954
268	3.0	0.9316246713681894
2681	4.0	1.3451854182690985
2682	4.0	0.8373466577752349
2683	3.0	1.2148763861544636
2685	3.0	0.816496580927726
2686	4.0	1.3565419955043818
2687	4.0	1.228903609577518
2688	3.0	1.0014482266820575
2689	3.0	1.1832159566199232
269	4.0	0.97182531580755
2690	4.0	1.1858202502107007
2691	3.0	1.4689774459950382
2692	4.0	0.8997354108424374
2693	4.0	1.2915732402684637
2694	3.0	1.0832440729212356
2695	2.0	1.0954451150103321
2696	4.0	1.3509256086106296
2697	4.0	1.1392420025725578
2699	3.0	0.9717834655689239
27	3.0	1.3601470508735443
270	3.0	1.0801234497346435
2700	4.0	1.4508237625243676
2701	2.0	1.0769505186097694
2702	3.0	1.0519500866350902
2703	3.0	NaN
2704	3.0	1.3133925536563698
2705	3.0	1.9578900207451218
2706	4.0	1.2984140181529245
2707	4.0	1.1256032260227666
2708	4.0	1.2423680054112651
2709	3.0	1.1068460710994212
271	3.0	0.9418581497197699
2710	3.0	1.3167455221972608
2711	4.0	1.1359236684941296
2712	3.0	1.2755856082865613
2713	2.0	1.2159652250666664
2714	3.0	1.034295625950562
2715	2.0	1.1338934190276817
2716	4.0	1.265817355696173
2717	3.0	1.3408476201364314
2718	3.0	1.1689705499270966
2719	2.0	1.138789754635665
272	4.0	1.1440719048906889
2720	2.0	1.0625592962581036
2721	4.0	1.3407531643143893
2722	3.0	1.3818638640233225
2723	3.0	1.1460280457694483
2724	3.0	1.044465935734187
2725	4.0	1.2674316465685258
2726	4.0	0.8626621856275073
2727	3.0	0.8980265101338745
2728	4.0	0.870429238263243
2729	4.0	1.224744871391589
273	3.0	1.406919993572043
2730	4.0	1.2840597820232218
2731	5.0	0.9274777915203366
2732	4.0	1.4356965173029843
2733	2.0	1.2777531299998799
2734	3.0	0.9738516810963533
2735	3.0	1.3232882161709023
2736	3.0	0.9865162369237952
2737	3.0	1.365150674334655
2738	4.0	1.086041978694737
2739	4.0	1.3489251680991807
274	2.0	1.0834726777719228
2740	3.0	1.1989578808281798
2741	3.0	1.118033988749895
2742	2.0	NaN
2743	3.0	0.8597269536210951
2744	4.0	1.1624763874381927
2745	4.0	1.3028309257354278
2746	3.0	1.1017729999031143
2747	3.0	1.1069562379227358
2748	2.0	0.9814455125566814
2749	3.0	0.7997092494906698
275	2.0	1.1637999741136082
2750	4.0	1.164316882475257
2751	3.0	1.3175162452902711
2752	3.0	1.3432601483282962
2753	4.0	0.9636241116594315
2754	2.0	1.2792042981336627
2755	3.0	1.2780193008453875
2756	3.0	0.861356769214109
2757	4.0	1.1362415131121566
2758	3.0	1.3165611772087666
2759	3.0	1.0544610528076
276	3.0	1.205713271633049
2760	3.0	1.5811388300841898
2761	4.0	0.941056281111768
2762	5.0	0.8981945547018269
2763	4.0	1.1412228992980964
2764	4.0	1.1973686801784993
2765	3.0	1.5811388300841898
2766	4.0	1.015504800579495
2767	3.0	1.2583057392117916
2768	4.0	1.1902380714238083
2769	3.0	1.0942433098048312
277	3.0	0.9760444261884247
2770	3.0	1.0258959629351287
2771	3.0	1.359065422829016
2772	3.0	1.1065666703449764
2773	3.0	1.640825308284734
2774	4.0	1.287134964916441
2775	3.0	1.3008872711759818
2776	4.0	1.5811388300841898
2777	1.0	1.4142135623730951
2778	3.0	1.0350983390135313
2779	4.0	1.064763321228036
278	3.0	1.219499687240422
2780	3.0	1.1493422703098446
2781	3.0	1.1430011430017144
2782	4.0	1.1074362710059764
2783	2.0	1.1547005383792515
2784	3.0	1.0395408415691625
2785	3.0	1.1726039399558574
2786	2.0	1.2218665010871168
2787	3.0	1.256041301690671
2788	4.0	0.816496580927726
2789	3.0	1.4270898240312901
279	4.0	1.2202003478482084
2790	3.0	1.1690451944500122
2791	4.0	1.382592019954411
2792	3.0	1.4312490935137816
2793	3.0	1.3568010505999362
2794	3.0	1.4297799947311243
2795	4.0	1.2686563959933717
2796	3.0	1.440594949155168
2797	4.0	1.2315756263786373
2798	2.0	1.3458531698209062
2799	1.0	1.1473127431577865
28	4.0	0.8740966444394034
280	4.0	1.0326425862322712
2800	3.0	1.3972762620115438
2801	4.0	1.1879019787470309
2802	3.0	0.8777766249329544
2803	3.0	1.0
2804	4.0	0.9317970508074236
2805	3.0	1.2875240272730326
2806	3.0	1.247219128924647
2807	1.0	1.1690451944500122
2808	3.0	1.146955980580935
2809	2.0	1.3178930553209385
281	4.0	1.07278239590586
2810	4.0	1.449137674618944
2811	4.0	0.0
2812	3.0	1.0
2813	4.0	1.4015297764534702
2814	3.0	0.8451542547285166
2815	3.0	1.1530956723661874
2816	2.0	1.212183053462653
2817	1.0	1.1500350625790894
2818	1.0	1.0344928412495136
2819	4.0	0.7668443873859995
282	3.0	1.1356582347556083
2820	4.0	1.2403473458920846
2821	2.0	1.4142135623730951
2822	3.0	1.0019065794240147
2823	2.0	2.0
2824	4.0	1.2089410496539776
2825	2.0	2.23606797749979
2826	3.0	1.1514198583721194
2827	2.0	1.1507210875823592
2828	2.0	1.08397416943394
2829	3.0	1.4005493427717788
283	3.0	1.0289915108550531
2830	4.0	1.4832396974191326
2831	3.0	1.3093073414159542
2833	4.0	1.5491933384829668
2834	4.0	1.4142135623730951
2835	3.0	1.1119188982851387
2836	3.0	0.9094836413191612
2837	4.0	1.224744871391589
2839	4.0	0.7453559924999299
2840	3.0	1.448477174277149
2841	4.0	1.078216787259973
2842	3.0	1.0476454436543674
2843	4.0	1.381698559415515
2844	3.0	1.0987798110498443
2845	1.0	NaN
2846	3.0	1.0588730430094635
2847	4.0	1.299038105676658
2848	4.0	1.3322912594474228
2849	3.0	1.2865350418053538
2850	2.0	1.5811388300841898
2851	2.0	1.0335288182638247
2852	4.0	1.0361561812303397
2853	3.0	1.4529663145135578
2854	3.0	1.0954451150103321
2855	2.0	0.8819171036881969
2856	3.0	1.3820681457694342
2857	4.0	1.281879900927544
2858	5.0	1.0254992307691613
2859	4.0	0.8096061912275311
286	3.0	NaN
2860	3.0	1.0310150949352062
2861	3.0	1.22069037263169
2862	3.0	1.3142574813455419
2863	4.0	1.3448087738774879
2864	3.0	1.551582227085438
2865	3.0	1.0
2866	4.0	1.0323064301148985
2867	4.0	1.0939475816854343
2868	2.0	0.9919027007433419
2869	3.0	1.7320508075688772
287	3.0	1.3601470508735443
2870	4.0	0.9947780321927768
2871	4.0	1.3239136122675272
2872	4.0	1.2656576704351947
2873	3.0	1.0910894511799618
2874	4.0	1.0801234497346435
2875	3.0	1.0811870870674416
2876	3.0	1.3972762620115438
2877	3.0	1.0533393610436332
2878	2.0	1.1934162828797101
2879	3.0	1.0566761174446568
288	3.0	1.3151477992627214
2880	4.0	1.132117547273723
2881	3.0	1.0683638302962855
2882	3.0	1.5078144028706828
2883	4.0	1.0934588121703732
2884	3.0	1.0592219878345592
2885	3.0	1.0
2886	2.0	1.3693063937629153
2887	2.0	1.2909944487358056
2888	3.0	1.4467965783008512
2889	4.0	1.049475393422162
289	3.0	0.9839475932396188
2890	4.0	1.281849154503743
2891	4.0	1.115600832462626
2892	2.0	1.4142135623730951
2893	3.0	1.6003048490072438
2894	3.0	1.1639753904947558
2895	3.0	0.0
2896	3.0	0.9622504486493763
2897	3.0	1.2773327473170102
2898	3.0	1.2586335510551052
2899	4.0	1.1141720290623112
29	4.0	0.9987554444462093
290	4.0	1.3223097193970768
2900	3.0	1.3038404810405297
2901	3.0	1.1785829418245788
2902	2.0	1.0710925561330733
2903	2.0	0.9470518552301376
2904	4.0	1.4361406616345072
2905	5.0	0.8574929257125442
2906	2.0	1.086610735988866
2907	2.0	1.315724923938016
2908	4.0	1.0192493600442092
2909	4.0	NaN
291	2.0	1.0105823052798226
2911	4.0	1.4142135623730951
2912	4.0	1.2095462430865984
2913	3.0	1.4361406616345072
2914	2.0	1.1832159566199232
2915	4.0	1.1091966794917547
2916	4.0	1.1581681153695462
2917	4.0	0.8365412080961359
2918	4.0	0.8703291481313012
2919	4.0	1.2567765033955638
292	3.0	0.9701839158639423
2920	4.0	0.9481507786158797
2921	4.0	1.229901714710611
2922	4.0	1.091634859587521
2923	3.0	0.9013878188659973
2924	4.0	1.3898986228564232
2925	4.0	0.9910312089651149
2926	3.0	1.119040773275153
2927	4.0	1.0
2928	3.0	1.0760551736979407
2929	4.0	1.1957869969422124
293	4.0	0.8675894747783677
2930	5.0	1.0
2931	5.0	1.1055415967851334
2932	4.0	1.3990228580208963
2933	4.0	1.4142135623730951
2934	2.0	1.5811388300841898
2935	4.0	0.9574271077563381
2936	4.0	0.9387491677759293
2937	4.0	0.870219255933847
2938	4.0	1.4259499757471625
2939	3.0	1.1025816407458469
294	3.0	0.9877295966495896
2940	4.0	0.8954813188742857
2941	4.0	1.1264178639834665
2942	3.0	1.0552598766191275
2943	4.0	1.1842785665840787
2944	4.0	0.8254108771680373
2945	3.0	1.2322818340454909
2946	4.0	1.235955584516107
2947	4.0	1.2856522802508794
2948	4.0	1.2135597524338357
2949	4.0	1.1949506168642225
295	3.0	1.1338934190276817
2950	2.0	1.0861446243146151
2951	4.0	1.2900029013938714
2952	4.0	1.169430445801531
2953	2.0	1.1453229701190635
2955	1.0	1.4142135623730951
2956	3.0	0.9141741003300661
2959	4.0	1.0827805840074194
296	5.0	1.0187188122505542
2960	3.0	1.5275252316519468
2961	3.0	1.4280849145962893
2962	3.0	1.4142135623730951
2963	4.0	1.224744871391589
2964	3.0	1.5954480704349312
2965	2.0	1.0877033564117082
2966	4.0	0.9017117677781147
2967	4.0	1.2440333788202982
2968	4.0	1.2147915595694552
2969	4.0	1.35400640077266
297	3.0	1.2909944487358056
2970	4.0	1.3160390430707587
2971	4.0	1.303597748006491
2972	4.0	1.0383279828647594
2973	4.0	0.8966167345234256
2974	1.0	1.359589956010579
2975	3.0	1.1281521496355325
2976	3.0	1.1980199491499093
2977	3.0	1.5447859516333116
2978	3.0	1.3247271269149408
2979	2.0	1.1426091000668408
298	4.0	1.1481209945740989
2981	4.0	1.4880476182856899
2982	2.0	0.9863939238321437
2983	4.0	1.3416407864998738
2984	4.0	1.4142135623730951
2985	4.0	1.0914980889474317
2986	2.0	1.0534496179509372
2987	4.0	1.180345154173596
2988	4.0	1.0185200918833626
2989	4.0	1.0105574773828254
299	4.0	1.2073717235686943
2990	3.0	0.9882117688026185
2991	4.0	1.0338682751933663
2992	3.0	1.3038404810405297
2993	4.0	1.0947653475759551
2994	3.0	1.2018504251546631
2995	2.0	1.118033988749895
2996	4.0	1.270289873862011
2997	4.0	1.0262187875886897
2998	4.0	1.4433756729740645
2999	4.0	0.816496580927726
3	3.0	1.0718427870577452
30	4.0	1.205012362808178
300	4.0	1.1110243021644486
3000	4.0	0.9599539717647804
3001	2.0	0.8944271909999159
3002	4.0	1.2833778958394957
3003	3.0	1.3093073414159542
3004	2.0	1.1723915694135096
3005	3.0	1.0277830647412975
3006	4.0	0.8592972977844251
3007	4.0	1.0432810619146022
3008	4.0	1.3038404810405297
301	3.0	0.9880235200593537
3010	4.0	1.200490095997562
3011	4.0	1.1300562052513259
3012	3.0	1.5634719199411433
3013	3.0	1.4684175155588413
3014	3.0	1.4215601757693317
3015	3.0	0.9823619317924351
3016	3.0	0.9315111402899618
3017	3.0	1.1782824426100504
3018	4.0	1.2915170127923146
3019	4.0	1.2922381816338229
302	4.0	1.2649110640673518
3020	4.0	1.1191023444535253
3021	3.0	1.6818357317441643
3022	5.0	0.9827785399247306
3024	2.0	1.1291589790636214
3025	3.0	1.0377490433255416
3026	1.0	1.1952286093343936
3027	1.0	0.408248290463863
3028	4.0	1.2797191720921781
3029	3.0	0.9315175080076958
303	3.0	1.3937166294356496
3030	5.0	0.9447345471009205
3031	2.0	1.126601424298216
3032	4.0	1.1384042013101225
3033	3.0	1.2054996468948869
3034	4.0	1.21274903995762
3035	4.0	0.8323804075404123
3036	3.0	1.1778298845734132
3037	4.0	0.8457270465629768
3038	4.0	0.8520724131552869
3039	4.0	1.1565936324175947
304	3.0	1.071008320943125
3040	3.0	1.0497194044245717
3041	1.0	1.1118053386771944
3042	1.0	1.0307764064044151
3043	1.0	1.349263806863884
3044	4.0	1.213469649832781
3045	3.0	1.0169503597462535
3046	4.0	1.0801234497346435
3047	3.0	0.9701425001453319
3048	2.0	1.140175425099138
3049	3.0	1.0137937550497031
305	3.0	1.1478067422089475
3050	3.0	1.3662601021279464
3051	3.0	1.334634781503914
3052	4.0	1.3213445489364417
3053	3.0	1.1757350641945108
3054	1.0	1.5611012257496428
3055	4.0	1.077262190536962
3056	4.0	0.8944271909999159
3057	4.0	0.0
3058	2.0	1.1281521496355325
306	4.0	0.9070958178840992
3060	4.0	1.172699627576071
3061	4.0	1.2468939512033272
3062	4.0	1.3096181562194817
3063	3.0	1.2335879094879225
3064	2.0	1.2622283228414148
3065	4.0	NaN
3066	4.0	1.2044821302420965
3067	4.0	1.2556689633237517
3068	4.0	1.1524071884721685
3069	4.0	1.130388330520878
307	4.0	0.9403709484353273
3070	3.0	1.224744871391589
3071	4.0	1.0881401930608947
3072	4.0	1.2711012025304727
3073	3.0	1.118033988749895
3074	4.0	1.270977818604485
3075	4.0	1.3284223283101428
3076	4.0	1.1887150534341144
3077	4.0	0.9346460390922355
3078	4.0	1.1310264272866393
3079	4.0	1.224744871391589
308	4.0	1.3401566701313368
3081	4.0	1.0724899728128172
3082	3.0	1.044314289136548
3083	4.0	0.9781324054260391
3084	3.0	1.0
3085	2.0	2.23606797749979
3086	4.0	1.2399596767637244
3087	3.0	1.0249319181746679
3088	4.0	0.868866835288808
3089	5.0	0.8700414424346606
309	4.0	1.2964764031133722
3090	4.0	0.8359806435340691
3091	4.0	0.8864052604279183
3092	4.0	1.1239029738980326
3093	4.0	1.3242443839434612
3094	4.0	1.2884098726725126
3095	4.0	0.9486832980505138
3096	4.0	1.2895904304316428
3097	4.0	0.8381163549234938
3098	4.0	1.207835479189845
3099	3.0	1.0449458190288539
31	3.0	0.9710083124552245
310	2.0	1.4142135623730951
3100	4.0	1.20755925606704
3101	4.0	1.1443832329120727
3102	4.0	1.075350454885776
3103	3.0	0.8977584024968696
3104	4.0	1.2156268716590122
3105	4.0	1.1608488083369766
3106	3.0	1.1547005383792515
3107	3.0	0.9959595794363182
3108	4.0	1.2011646890287324
3109	3.0	0.9428090415820634
311	3.0	NaN
3110	3.0	1.0458250331675945
3111	4.0	1.1553811753604775
3112	3.0	1.179535649239177
3113	3.0	1.2537687413707386
3114	4.0	0.9194173605214788
3115	3.0	1.0920899919231544
3116	3.0	1.2649110640673518
3117	3.0	1.1666666666666667
3118	4.0	1.059753236879663
3119	1.0	1.4142135623730951
312	2.0	1.1892915598853018
3120	3.0	0.9400643223910575
3121	3.0	1.0846522890932808
3122	3.0	0.7791937224739796
3123	1.0	0.0
3124	4.0	1.1934162828797101
3125	4.0	1.2380078015032516
3126	4.0	0.0
3127	4.0	1.1361818036340359
3128	3.0	1.0862780491200215
3129	4.0	1.150670157711014
313	3.0	1.4666094900233038
3130	2.0	1.0211439872687116
3131	3.0	1.0
3132	4.0	1.065427207806866
3133	4.0	1.3251783128981585
3134	5.0	1.0359395405656244
3135	4.0	1.3022581497766845
3136	4.0	1.7320508075688772
3137	4.0	1.1254628677422756
3138	3.0	1.0303098861694289
3139	3.0	1.1989578808281798
314	4.0	1.270977818604485
3140	4.0	1.5811388300841898
3141	3.0	0.9495469152507922
3142	3.0	1.1613945106217463
3143	4.0	1.2624381172952597
3144	3.0	0.9682458365518543
3145	3.0	1.0943831224048783
3146	3.0	1.4449733155792728
3147	4.0	0.9304213377195655
3148	4.0	1.3092305018759125
3149	2.0	1.4142135623730951
315	3.0	1.3669019908653213
3150	4.0	1.334039361094399
3151	2.0	NaN
3152	4.0	1.3252825878570402
3153	4.0	1.1175988713997906
3154	3.0	0.9258200997725514
3155	4.0	1.0838352251060688
3156	3.0	1.5408911544097526
3157	3.0	1.0387483204403878
3158	4.0	1.1206310514564426
3159	4.0	1.3345311728571325
316	4.0	1.1153233559559341
3160	4.0	1.4428563796768203
3161	3.0	1.130388330520878
3162	3.0	1.0954451150103321
3163	4.0	1.3521770735683356
3164	4.0	NaN
3165	3.0	1.2110601416389966
3166	1.0	0.4472135954999579
3167	4.0	1.152073229995701
3168	4.0	1.2547430674402056
3169	4.0	0.9799578870122228
317	3.0	1.0420832500333166
3171	4.0	1.1726039399558574
3172	5.0	NaN
3173	3.0	1.0730574458796118
3174	4.0	1.1306416388334182
3175	4.0	1.2291103358602868
3176	4.0	1.1920791213585393
3177	3.0	1.2308412001067561
3178	4.0	1.2735961856469609
3179	3.0	1.0917711691166267
318	5.0	0.8934723846132497
3180	2.0	0.9780192938436515
3181	4.0	1.3562839573037448
3182	4.0	1.3704191988175751
3183	4.0	1.243163121016122
3184	3.0	1.0
3185	4.0	1.1554274509714741
3186	4.0	1.0911909431527576
3187	3.0	1.0
3188	4.0	1.28855630784633
3189	4.0	1.1347358362456879
319	4.0	1.2544040065962425
3190	2.0	1.0
3192	4.0	0.7801894976054939
3194	3.0	1.112404118283652
3196	4.0	0.819607055356919
3197	3.0	0.9121403400793103
3198	4.0	0.8012336167697753
3199	3.0	1.0139866932482433
32	4.0	1.3507417633501522
320	3.0	1.121634751658949
3200	4.0	1.228320776436091
3201	4.0	1.3474577759991437
3202	1.0	NaN
3203	4.0	1.102599567590888
3204	4.0	1.080503440405936
3205	1.0	1.9148542155126762
3206	3.0	1.0480862791225007
3207	3.0	0.8660254037844386
3208	3.0	1.3719071679842407
3209	1.0	NaN
321	4.0	1.2110601416389966
3210	4.0	1.2604366564693965
3211	4.0	0.9281909617845142
3212	2.0	1.0
3213	4.0	1.1952286093343936
3214	3.0	0.9895285072531598
3215	3.0	1.0954451150103321
3216	4.0	2.1213203435596424
3217	3.0	1.0540925533894598
3218	3.0	1.0472698761772856
3219	3.0	0.9422804129778005
322	4.0	1.2345195265926179
3220	2.0	NaN
3221	3.0	1.2535663410560174
3222	4.0	0.8094272134003795
3223	4.0	1.1338934190276817
3224	4.0	0.9733285267845752
3225	3.0	1.4770978917519928
3228	1.0	0.0
3229	4.0	NaN
3230	4.0	1.1048887820858806
3232	5.0	1.7320508075688772
3233	5.0	0.0
3235	3.0	1.1832159566199232
3236	3.0	2.23606797749979
3237	1.0	NaN
3238	2.0	1.127242960381356
3239	2.0	1.0801234497346435
324	4.0	1.25
3240	3.0	1.0458250331675945
3241	4.0	1.224744871391589
3242	4.0	1.0
3243	3.0	1.1542061257946596
3244	4.0	1.1329117779303068
3245	5.0	1.0
3246	4.0	1.280328280687853
3247	3.0	1.0505995424024515
3248	3.0	1.190760449360489
3249	3.0	0.9896216612667579
325	2.0	1.2583057392117916
3250	3.0	0.9377910507114687
3251	3.0	1.01085022719401
3252	4.0	1.1986755627329444
3253	4.0	1.1165342778283538
3254	3.0	1.3167369882768147
3255	4.0	1.1001738561069345
3256	4.0	1.1134503338952213
3257	3.0	1.3469966592386189
3258	3.0	1.2744647327523762
3259	3.0	1.0544857981535183
326	5.0	0.9036961141150639
3260	4.0	1.210600361766071
3261	4.0	0.9846959775607388
3262	3.0	1.579185600394655
3263	3.0	0.9570349606549993
3264	3.0	1.0077973890120042
3265	4.0	0.9382793284302438
3266	4.0	1.275715869773578
3267	4.0	1.1594819275214956
3268	1.0	1.280800311602963
3269	3.0	0.958158247311349
327	3.0	1.418169412232797
3270	3.0	0.9745505342046624
3271	4.0	1.186055575740942
3272	3.0	1.1707212457686575
3273	3.0	1.3559283412727483
3274	3.0	0.898765998670473
3275	4.0	1.3301243435223524
3276	3.0	1.2292725943057183
3277	4.0	NaN
328	3.0	1.0577717706958902
3280	5.0	NaN
3281	4.0	0.816496580927726
3282	4.0	1.1055415967851334
3283	3.0	0.7071067811865476
3284	4.0	1.270289873862011
3285	3.0	1.294355225676849
3286	2.0	1.0984587248722337
3287	3.0	1.346291201783626
3288	3.0	1.4142135623730951
3289	4.0	1.298566328611643
329	3.0	1.0367367330183128
3290	3.0	NaN
3291	2.0	NaN
3292	4.0	1.1832159566199232
3293	3.0	1.224744871391589
3294	2.0	2.23606797749979
3295	3.0	1.0
3296	4.0	1.1539857747463058
3297	2.0	NaN
3298	4.0	1.0118147558569104
3299	2.0	1.019803902718557
33	3.0	0.816496580927726
330	3.0	1.3126206508252767
3300	3.0	1.1170002076793173
3301	3.0	1.0351557472018682
3302	3.0	1.126601424298216
3303	4.0	1.4832396974191326
3304	4.0	1.0617310051386497
3305	4.0	0.0
3306	4.0	1.4596008983995234
3307	5.0	0.9128709291752769
3308	3.0	0.9012694876782389
3309	4.0	1.4744195615489712
331	3.0	0.8366600265340756
3310	4.0	1.3367442709440125
3311	4.0	1.1726039399558574
3312	1.0	NaN
3313	2.0	0.8885233166386386
3314	3.0	1.7320508075688772
3315	2.0	NaN
3316	3.0	1.3176156917368247
3317	4.0	1.2956804694012636
3318	3.0	1.1577674774819398
3319	3.0	1.1385500851066221
332	3.0	1.2041594578792296
3320	4.0	1.2154310870109943
3321	2.0	NaN
3322	3.0	1.5275252316519468
3323	3.0	NaN
3324	3.0	1.412341670669316
3325	2.0	1.1574206847596227
3326	3.0	1.4023125353955066
3327	4.0	1.3682764527418498
3328	4.0	1.3600883263931995
3329	4.0	1.1435437497937313
333	4.0	1.248960447928195
3330	4.0	1.2151689240672225
3331	2.0	1.0981267472114393
3333	4.0	1.2649110640673518
3334	4.0	0.7885043629776455
3335	3.0	1.4142135623730951
3336	3.0	0.0
3337	3.0	1.0
3338	5.0	1.0
3339	4.0	1.0690449676496976
334	4.0	1.3501884496460197
3340	3.0	1.5811388300841898
3341	4.0	0.8153359597569135
3342	4.0	1.2645549015756885
3343	2.0	1.0977833142875715
3344	3.0	1.2977713690461004
3345	3.0	0.8257228238447705
3346	3.0	1.4142135623730951
3347	4.0	1.2198982165606165
3349	4.0	1.1902380714238083
335	4.0	1.02469507659596
3350	4.0	1.2973428966735416
3351	3.0	1.1338934190276817
3352	3.0	1.0
3353	4.0	0.0
3354	3.0	1.2663077641455704
3355	3.0	1.4130226454777703
3357	4.0	1.3612278194595453
3358	4.0	1.2215297096103206
3359	4.0	0.8022127394796406
336	2.0	1.35400640077266
3360	4.0	1.2713374105818611
3361	4.0	1.243998389342762
3362	4.0	1.2791112752416272
3363	4.0	0.8412999715099778
3364	4.0	1.2489995996796797
3365	4.0	0.977199075310085
3366	4.0	1.1298297002270525
3367	3.0	0.9511897312113419
3368	4.0	1.211503997304124
337	4.0	1.2335624429180854
3370	3.0	0.9009798587550961
3371	4.0	1.2547781019392963
3372	4.0	0.9816498172140428
3373	3.0	1.0
3374	3.0	1.0350983390135313
3375	3.0	1.0897247358851685
3376	1.0	NaN
3377	3.0	1.0
3378	3.0	0.5773502691896257
3379	4.0	1.2882447236783492
338	3.0	1.3568010505999362
3380	4.0	1.7320508075688772
3381	3.0	1.0
3382	5.0	NaN
3384	4.0	1.1425648976992708
3385	3.0	1.0757057484009542
3386	4.0	1.2464519180882832
3387	3.0	1.2505812602034676
3388	3.0	1.2143918126978108
3389	3.0	1.2192155209340498
339	4.0	1.0620622347471878
3390	1.0	1.14564392373896
3391	2.0	1.0711528467275955
3392	2.0	1.3797993165116997
3393	2.0	1.0862780491200215
3394	3.0	1.2198517440705496
3395	3.0	1.247219128924647
3396	4.0	1.277720884813487
3397	4.0	1.1787093544622944
3398	4.0	1.0981267472114393
3399	3.0	1.1360887616813242
34	4.0	1.3684193175234807
340	3.0	0.9756060828611426
3400	3.0	1.3758114488755873
3401	2.0	0.9354143466934853
3402	3.0	0.8528028654224418
3403	3.0	1.2048289933537484
3404	4.0	1.2209937297436848
3405	4.0	1.211829801800347
3406	4.0	1.1223258816472979
3407	1.0	1.4142135623730951
3408	4.0	1.2447759941028236
3409	3.0	1.1146111782153543
341	4.0	1.3416407864998738
3410	4.0	0.7905694150420949
3412	3.0	1.0907131485472215
3413	3.0	1.0
3414	3.0	0.9793792286287205
3415	4.0	1.6096301099659793
3416	4.0	1.5620499351813308
3417	4.0	1.1486707293408518
3418	4.0	1.181304459480578
3419	3.0	1.1547005383792515
342	4.0	1.2052432196733842
3420	4.0	1.1326200964261066
3421	4.0	0.9782035858601817
3422	3.0	1.0490369244690683
3423	3.0	1.4142135623730951
3424	4.0	1.325296290046213
3425	3.0	1.031553471276484
3426	3.0	0.9906101206907555
3427	3.0	0.835840975895715
3428	3.0	1.450326954814696
3429	5.0	0.8601899440976626
343	2.0	1.3614912914100354
3430	3.0	1.0874963916383742
3431	3.0	1.3407531643143893
3432	2.0	1.1567316754606853
3433	2.0	1.2632278815997784
3434	2.0	1.35566877880913
3435	5.0	0.8495988358149873
3436	3.0	1.2828364242328725
3437	1.0	1.4770978917519928
3438	3.0	1.2878418324335692
3439	2.0	1.0954451150103321
344	3.0	1.150163387086141
3440	2.0	1.3778228194964453
3441	3.0	1.0484064660919732
3442	2.0	1.0
3443	4.0	1.224744871391589
3444	3.0	1.1573100344493277
3445	3.0	0.8887379098833177
3446	4.0	1.2565617248750864
3447	4.0	1.3215441245904114
3448	4.0	1.1216480540155103
3449	3.0	1.381698559415515
345	4.0	1.2926485102069205
3450	3.0	1.0682177254244056
3451	4.0	1.2553609967223334
3452	3.0	1.0165300454651272
3453	2.0	1.2385842357671557
3454	2.0	1.2535663410560174
3456	4.0	1.4306903927824497
3457	3.0	1.5537971921347118
3458	3.0	NaN
3459	3.0	1.4025737466365533
346	4.0	1.0885191544386492
3460	1.0	NaN
3461	4.0	1.1858541225631423
3462	4.0	0.9176629354822471
3463	2.0	1.0540925533894598
3464	2.0	1.3178930553209385
3465	3.0	1.1881770515720091
3466	4.0	1.0579537112018993
3467	4.0	0.9056179574699733
3468	4.0	0.7754587693071263
3469	4.0	0.8545976121261312
347	3.0	1.2110601416389966
3470	4.0	0.825420305855557
3471	4.0	0.9001915504970077
3472	1.0	1.2909944487358056
3473	3.0	1.103354568734741
3474	3.0	0.9309493362512627
3475	4.0	1.2773327473170102
3476	4.0	1.2118038077463154
3477	3.0	1.1450376024878446
3478	3.0	0.8944271909999159
3479	4.0	1.1463999747179305
348	4.0	1.1798603665610172
3480	4.0	1.0900971004051374
3481	4.0	1.3278251140597157
3482	3.0	1.0
3483	3.0	1.1106452782647287
3484	3.0	1.3712762927639148
3485	1.0	1.0
3486	3.0	1.3743685418725535
3487	4.0	1.2277877204823169
3488	1.0	1.1126972805283737
3489	3.0	1.070989276563111
349	4.0	1.0986329363907197
3490	2.0	1.5206906325745548
3491	3.0	1.3922864426767714
3492	4.0	1.2403473458920846
3493	1.0	0.0
3494	4.0	1.1903478061837727
3495	4.0	1.1677484162422844
3496	3.0	0.9913418283769
3497	3.0	0.9679060415469871
3498	4.0	0.8206518066482897
3499	4.0	1.2180224583096866
35	3.0	0.9630868246861536
350	3.0	0.9582734149203924
3500	3.0	1.2477252028464367
3501	4.0	1.1378822959352979
3502	3.0	1.1295406451144276
3503	4.0	1.2189813341301607
3504	4.0	0.9108755804960987
3505	4.0	1.2350804543889273
3506	3.0	0.9346089962672168
3507	4.0	0.8106889013952028
3508	4.0	0.8676100810544174
3509	3.0	1.3506205330054124
351	3.0	1.086134199811423
3510	4.0	1.2011173659677343
3511	3.0	1.3185073145271278
3512	4.0	1.1895423647468777
3513	3.0	0.9672439501948534
3514	3.0	1.0712333936199698
3515	3.0	1.2020924165847113
3516	4.0	1.171188036110856
3517	4.0	1.0
3518	3.0	1.310336266793937
3519	3.0	0.9666144186507019
352	3.0	1.1349606130700478
3520	3.0	1.4591203713417602
3521	4.0	1.2729182438848825
3522	4.0	1.0
3523	3.0	1.2535663410560174
3524	3.0	1.0940740943041254
3525	3.0	1.0234030293318865
3526	4.0	1.1737877907772674
3527	4.0	1.1811273125260722
3528	3.0	1.118033988749895
3529	4.0	1.0161040952911924
353	4.0	1.1802143306632338
3530	4.0	NaN
3531	3.0	1.1602387022306428
3532	4.0	1.4142135623730951
3533	3.0	1.2909944487358056
3534	3.0	0.9225998461903602
3535	3.0	1.2107100230593646
3536	4.0	1.16997968316394
3537	3.0	0.8703882797784892
3538	4.0	1.1489125293076057
3539	4.0	1.3078709094514924
354	3.0	0.9847319278346619
3540	3.0	1.401057801435388
3542	3.0	1.4142135623730951
3543	4.0	1.2692432864846661
3544	3.0	1.5778413523967907
3545	4.0	1.3883810031669086
3546	4.0	1.2210614198274348
3547	4.0	1.1297414701929307
3548	4.0	1.307907760747183
3549	4.0	1.297458162484511
355	2.0	1.0725557980122171
3550	3.0	1.0786667755051216
3551	4.0	1.2160167522919396
3552	4.0	1.3448005847843907
3553	3.0	1.3005222123021805
3554	4.0	1.2073222927802119
3555	4.0	1.0851305308665604
3556	4.0	1.1821816767399045
3557	3.0	1.2649110640673518
3559	4.0	1.174440439029407
356	4.0	1.0144869474418425
3562	3.0	1.0770329614269007
3563	2.0	1.35400640077266
3564	1.0	1.2517703998171021
3565	3.0	1.1293194051465598
3566	3.0	1.1618239898962106
3567	3.0	0.9701425001453319
3568	3.0	1.1832159566199232
3569	4.0	1.5723301886761007
357	4.0	1.1942095141290592
3570	4.0	1.2909944487358056
3571	4.0	1.2149857925879117
3572	1.0	1.180989772227204
3573	1.0	0.8944271909999159
3574	1.0	0.25
3575	4.0	1.224744871391589
3576	4.0	1.1089102663419554
3577	3.0	1.2689245413047316
3578	4.0	0.94078446150865
3579	2.0	1.3327112976879405
358	3.0	1.0889050857234004
3580	3.0	1.0
3581	3.0	1.2089410496539776
3584	3.0	1.2279301690242812
3585	4.0	1.2909944487358056
3586	4.0	1.2322818340454909
3587	3.0	1.2865350418053538
3588	3.0	0.9675588936937934
359	3.0	0.8819171036881969
3590	3.0	1.1801936887041646
3591	3.0	0.9617899315382198
3592	3.0	1.4142135623730951
3593	1.0	1.1346321118871585
3594	3.0	1.0898831606495272
3595	3.0	1.8257418583505538
3596	3.0	1.402177483386199
3597	3.0	1.4433756729740645
3598	4.0	1.3068531549257267
3599	4.0	1.200490095997562
36	4.0	1.2926645586821521
360	2.0	1.2117152999999496
3600	3.0	1.3291601358251257
3601	4.0	0.0
3602	3.0	1.2909944487358056
3603	3.0	1.5811388300841898
3604	4.0	1.1677484162422844
3605	3.0	1.0295630140987
3606	4.0	1.2606687567659136
3607	5.0	NaN
3608	4.0	1.253367556847607
3609	4.0	0.816496580927726
361	3.0	0.9618178793091765
3610	3.0	1.1281521496355325
3611	3.0	1.164964745021435
3612	4.0	1.299867367239363
3613	4.0	1.1311807514597825
3614	3.0	0.8842428384851073
3615	3.0	1.0412983845091643
3616	2.0	1.1807457744754397
3617	3.0	1.1387057204139046
3618	4.0	1.0771843328588295
3619	3.0	1.1094003924504583
362	3.0	1.0472051639779976
3620	3.0	1.0690449676496976
3621	2.0	1.0
3622	4.0	1.1923450620470366
3623	3.0	1.1285513053381702
3624	4.0	1.1550658921420343
3625	4.0	1.2909944487358056
3626	2.0	1.4361406616345072
3627	4.0	1.2848904218751165
3628	4.0	0.9591663046625439
3629	4.0	0.9359019226174953
363	4.0	0.8493005801304012
3631	3.0	1.0
3632	4.0	1.2608503439122305
3633	3.0	1.083187635890225
3634	4.0	0.7730206825239258
3635	4.0	1.025397644437565
3636	3.0	1.620185174601965
3637	4.0	1.3178930553209385
3638	3.0	1.010695491403858
3639	4.0	1.0508795488004115
364	4.0	1.2931826740918813
3640	3.0	1.087114613009218
3641	2.0	1.6903085094570331
3642	3.0	0.8660254037844386
3643	4.0	0.916515138991168
3644	3.0	0.8660254037844386
3645	4.0	1.5146344928922038
3646	2.0	1.209829389144597
3647	4.0	NaN
3648	3.0	1.118033988749895
3649	3.0	0.9547589359887344
365	3.0	0.9561828874675149
3651	1.0	0.0
3652	3.0	1.224744871391589
3653	4.0	1.179784680309035
3654	4.0	1.2397282555885345
3655	4.0	1.1693361102674928
3656	5.0	NaN
3657	4.0	1.2649110640673518
3658	4.0	1.3228756555322954
3659	4.0	1.3949716649258315
366	3.0	1.4859340496805369
3660	3.0	1.452230821520587
3661	2.0	1.1385500851066221
3662	2.0	1.1720180773462385
3663	1.0	1.4265650070355174
3664	1.0	1.266401826003761
3665	1.0	1.3416407864998738
3666	1.0	1.0954451150103321
3667	2.0	1.2366938848016846
3668	4.0	1.2957134094531166
3669	3.0	1.0757057484009542
367	3.0	1.0645547145345284
3670	4.0	1.3038404810405297
3671	4.0	0.9518835484465629
3672	3.0	1.4119307302756656
3673	3.0	1.3165611772087666
3674	3.0	1.2683436648534627
3675	4.0	1.2619796324000607
3676	4.0	1.3502712035855329
3677	4.0	1.3314380468978917
3678	4.0	1.1898446693071545
3679	4.0	0.9143662142547109
368	4.0	1.0901900554736697
3680	4.0	1.3673204516101207
3681	4.0	1.2570787221094177
3682	4.0	1.0648808815384136
3683	4.0	0.8499929636635305
3684	3.0	0.9643505528569568
3685	4.0	1.1023037373663236
3686	3.0	0.9540409712152207
3687	2.0	0.0
3688	3.0	1.370656129323497
3689	2.0	1.0488088481701516
369	3.0	1.025978352085154
3690	2.0	1.0794856442761742
3691	3.0	1.126185012742946
3692	2.0	1.1002392084403616
3693	3.0	1.404412934505993
3694	1.0	1.3367442709440125
3695	1.0	1.337333742362593
3696	2.0	1.334634781503914
3697	3.0	1.345350826867113
3698	3.0	0.940624081422244
3699	4.0	1.038049274503044
37	4.0	1.5118578920369088
370	3.0	1.384656975273208
3700	4.0	1.191808777977955
3701	3.0	0.9426918860623092
3702	4.0	1.19466733735729
3703	4.0	1.2213809967435205
3704	3.0	0.9853292781642932
3705	3.0	1.108851410779341
3706	3.0	1.1824594246010054
3707	3.0	1.093121792956891
3708	3.0	1.4088869386913336
3709	2.0	1.0350983390135313
371	3.0	0.9338297032606873
3710	2.0	0.9807938222374417
3711	3.0	1.0458250331675945
3712	3.0	0.9972489631508746
3713	4.0	1.1073348527841416
3714	3.0	0.9687422456265332
3715	2.0	1.18418699983352
3716	2.0	1.02247471629109
3717	3.0	1.4811566571033756
3718	4.0	1.408308678285174
3719	3.0	1.177439440635329
372	3.0	0.9581402751608169
3720	4.0	1.275894579008856
3721	3.0	1.2158375177486576
3722	2.0	NaN
3723	4.0	1.1395207162165009
3724	4.0	1.1214864951317456
3725	3.0	1.1310522884815182
3726	4.0	1.1927616745901648
3727	4.0	1.1635039736067254
3728	4.0	1.2830660557435696
3729	3.0	1.0289915108550531
373	4.0	1.18518743694843
3730	4.0	0.8583272474510023
3731	3.0	0.9880235200593537
3732	3.0	1.424279266355945
3733	4.0	1.1516895800904376
3734	4.0	1.0522085616183026
3735	4.0	1.2468584003187146
3736	4.0	1.404878717372541
3737	4.0	1.0690449676496976
3738	3.0	0.9665456669582609
3739	4.0	1.5275252316519468
374	2.0	1.0561177090573832
3740	4.0	1.1051105359831634
3741	4.0	0.8967534034876403
3742	4.0	1.4247957462229228
3743	3.0	1.3178930553209385
3744	3.0	0.9611501047232549
3745	4.0	1.1611694995742754
3746	4.0	1.5387160422974504
3747	4.0	1.2750883656186556
3748	3.0	1.4142135623730951
3749	3.0	1.3273676061682242
375	3.0	0.9013878188659973
3751	4.0	1.297297933287047
3752	3.0	1.1797334528095729
3753	4.0	1.3000279378633297
3754	2.0	1.3470835706597655
3755	3.0	1.036869719024164
3756	3.0	0.8340576562282991
3757	3.0	1.541103500742244
3758	3.0	1.381145548162859
3759	3.0	1.1245914290767742
376	3.0	0.9209438288064147
3760	4.0	1.1369974309094708
3761	3.0	1.4782371884055634
3762	1.0	0.7071067811865476
3763	4.0	1.0239977678547099
3764	3.0	1.1398159184135184
3765	3.0	1.3581032524975576
3766	3.0	1.1720427511513032
3767	2.0	1.0192325306112981
3768	2.0	1.0781929326423914
3769	3.0	1.0052770814964453
377	4.0	1.1185084931469966
3770	4.0	0.9729273030869203
3771	3.0	0.9660917830792959
3772	1.0	1.4142135623730951
3773	3.0	1.2879532326182364
3774	2.0	1.3333333333333333
3775	3.0	1.2354415362426845
3776	3.0	1.2158375177486576
3777	2.0	1.2649110640673518
3778	2.0	1.7320508075688772
3779	3.0	NaN
378	3.0	1.3330335394378443
3780	3.0	1.3228756555322954
3781	2.0	1.475998451412273
3782	3.0	1.363988678940947
3783	4.0	0.8191093766647839
3784	3.0	1.1713032141645456
3785	3.0	1.224077617257948
3786	3.0	1.1063650915710395
3787	4.0	1.4142135623730951
3788	4.0	1.2761549390929883
3789	4.0	0.8980265101338745
379	3.0	1.3510319597706928
3790	4.0	1.140175425099138
3791	3.0	0.9802191046330191
3792	4.0	1.1748539016153647
3793	4.0	1.2293324522462161
3794	4.0	1.2110601416389966
3795	3.0	1.221600463452635
3796	4.0	1.0408329997330663
3797	2.0	1.0690449676496976
3798	4.0	1.119485039313502
3799	1.0	1.2060453783110545
38	3.0	1.6887426837300736
380	4.0	1.1330375652971765
3800	1.0	2.345207879911715
3801	4.0	0.7977240352174656
3802	2.0	1.0732265285195628
3803	4.0	1.0606601717798212
3804	2.0	1.4880476182856899
3805	3.0	1.3371158468430429
3806	3.0	1.0344928412495136
3807	3.0	1.0188695883650851
3808	4.0	1.0454775252553032
3809	3.0	1.1031372374758646
381	3.0	1.0757057484009542
3810	3.0	0.9173131497117799
3811	4.0	0.822727307703607
3812	4.0	1.0598299092872017
3813	3.0	0.9753048303966929
3814	4.0	0.8699889274841113
3816	4.0	1.3852504895934594
3817	3.0	1.61245154965971
3818	2.0	1.4719601443879744
3819	4.0	0.8962581595302718
382	3.0	1.4297833551991113
3820	1.0	1.4337208778404378
3821	3.0	1.3512627173033707
3822	4.0	1.4090802838649086
3823	4.0	1.221600463452635
3824	2.0	1.102504984741253
3825	3.0	1.4053469322555197
3826	3.0	1.204364998455597
3827	3.0	1.0370495157480224
3828	2.0	2.23606797749979
383	3.0	0.960173466360042
3830	3.0	1.4719601443879744
3831	4.0	1.1531390764906588
3832	3.0	1.0954451150103321
3833	3.0	1.3348476249438292
3834	3.0	1.2165525060596438
3835	3.0	1.2119928026487272
3836	4.0	1.242087254850923
3837	3.0	1.4499216279760527
3838	3.0	1.3434574979434548
3839	3.0	1.5603789952109879
384	3.0	1.3587324409735149
3840	3.0	1.204346482724324
3841	3.0	1.2051800763344218
3842	3.0	NaN
3843	3.0	1.4739110533215525
3844	4.0	1.2141669877745294
3845	3.0	1.0363754503432017
3846	3.0	1.0180846479369796
3847	3.0	1.7795130420052185
3848	3.0	0.9733285267845752
3849	4.0	0.8451542547285166
385	3.0	0.9428090415820634
3850	3.0	1.5275252316519468
3851	4.0	1.4500221041639685
3852	4.0	1.2018504251546631
3853	4.0	1.2583057392117916
3854	4.0	1.2354415362426845
3855	4.0	1.3178930553209385
3857	2.0	1.4379835222176545
3858	3.0	1.0914103126634984
3859	4.0	1.2765694770084508
386	3.0	1.3130643285972254
3860	3.0	0.9309493362512627
3861	3.0	1.0665364503850772
3862	3.0	1.2139539573337679
3863	3.0	1.0937765000051292
3864	3.0	1.5313622767115598
3865	3.0	1.1586482440433152
3866	3.0	1.7320508075688772
3867	3.0	1.2792042981336627
3868	4.0	1.2827475937575883
3869	3.0	1.0365416560134777
387	3.0	1.2348086796129694
3870	4.0	1.2747548783981961
3871	4.0	1.3003036082716262
3872	4.0	1.2781484132668763
3873	4.0	1.245781411871631
3874	3.0	1.2510864843424485
3875	4.0	1.8708286933869707
3876	2.0	0.816496580927726
3877	2.0	0.9691369971975152
3878	3.0	1.5374122295716148
3879	3.0	1.2927987744922531
388	4.0	1.118033988749895
3880	4.0	1.3932610920384718
3881	5.0	NaN
3882	3.0	0.9935413748401791
3883	3.0	1.3887301496588271
3884	2.0	1.0500305245868344
3885	4.0	1.2806248474865698
3886	3.0	1.1322770341445958
3887	3.0	0.816496580927726
3888	4.0	1.0
3889	2.0	1.2338509065934558
389	4.0	1.1239029738980326
3890	3.0	NaN
3891	2.0	0.9128709291752769
3892	3.0	1.7320508075688772
3893	4.0	1.1031073738019346
3894	3.0	1.224744871391589
3895	2.0	1.0776318121606494
3896	4.0	1.242957690440314
3897	4.0	0.8425970499115443
3898	3.0	1.177439440635329
3899	1.0	1.4142135623730951
39	4.0	1.147786420211421
390	4.0	1.2317635241028795
3900	3.0	1.4361406616345072
3901	3.0	1.3972762620115438
3902	3.0	1.1609591237233643
3903	3.0	1.2680075462137053
3904	1.0	NaN
3905	3.0	1.3627702877384937
3906	3.0	0.8980265101338745
3908	2.0	1.1813570144560008
3909	3.0	1.2065994998097656
391	3.0	1.0500305245868344
3910	4.0	1.497065806887177
3911	4.0	0.8782604758354062
3912	2.0	1.1322770341445958
3913	3.0	1.8227947347853763
3914	4.0	1.2217829689385942
3915	4.0	1.3243746652546076
3916	4.0	1.3562630796731154
3917	3.0	1.2480200145969345
3918	3.0	1.3884202690012466
3919	2.0	1.0229915092057102
392	3.0	1.4719601443879744
3920	4.0	1.3185073145271278
3921	3.0	1.335143698502964
3922	3.0	1.404878717372541
3923	3.0	1.140601101957388
3924	3.0	1.469693845669907
3925	4.0	1.3251783128981585
3926	3.0	0.8875299979193402
3927	4.0	1.0071788430571889
3928	4.0	1.1624196798898072
3929	4.0	1.389786620066213
393	2.0	1.3155870289605438
3930	3.0	1.1089317966988457
3931	2.0	1.0190493307301363
3932	4.0	1.1806521053804944
3933	2.0	1.2649110640673518
3934	3.0	1.2322818340454909
3935	3.0	0.9534625892455924
3936	4.0	1.1270626736212455
3937	3.0	1.2725576549118027
3938	2.0	1.427747014866968
3939	1.0	1.6370705543744901
394	3.0	1.2366938848016846
3940	1.0	1.4880476182856899
3941	1.0	1.2535663410560174
3942	1.0	1.387777332977422
3943	3.0	1.2523661815266247
3944	2.0	1.3693063937629153
3945	1.0	1.1443442705426587
3946	2.0	1.1101005505463153
3947	4.0	1.2765694770084508
3948	4.0	1.1971704930020413
3949	4.0	1.016367699373624
3950	4.0	1.2438528093471328
3951	4.0	1.3959648809042255
3952	4.0	1.2189290847687122
396	4.0	NaN
397	2.0	1.1677484162422844
398	4.0	NaN
4	3.0	1.2498520622516862
40	4.0	1.2865350418053538
401	3.0	1.4142135623730951
402	3.0	NaN
404	3.0	1.2909944487358056
405	2.0	1.1366966208803437
406	4.0	1.0
407	3.0	1.5377201739371613
408	3.0	1.168844379333105
409	3.0	0.924211375534118
41	4.0	1.2753650522879754
410	3.0	1.361181050710688
411	3.0	1.5811388300841898
412	4.0	1.0769697978951087
413	3.0	1.1629527145991116
414	3.0	1.203926161459743
415	2.0	1.0385815737789972
416	2.0	1.1381803659589922
417	4.0	1.1357178665776848
418	2.0	1.2100767390069582
419	2.0	0.9902752957083816
42	3.0	1.3416407864998738
420	2.0	1.1472747344203638
421	3.0	1.1359236684941296
422	3.0	0.9543135154205277
423	3.0	0.9390517460812167
424	3.0	1.1566494014340898
425	4.0	1.0469736606781692
426	3.0	0.9811659223414657
427	2.0	1.157321882362007
428	4.0	1.2706312670455946
429	2.0	1.2508061916349222
43	3.0	1.0327955589886444
430	2.0	0.9780192938436515
431	4.0	1.1143822621017245
432	3.0	1.1183198943903567
433	3.0	1.237705495510552
434	3.0	1.0238042696149259
435	3.0	1.2193613513897994
436	3.0	1.2478553029669974
437	2.0	0.9172076325837248
438	3.0	1.1987852571312478
439	4.0	1.0
44	3.0	1.3136995286643378
440	4.0	1.1438278424010069
441	4.0	1.23928428747053
442	3.0	1.4399834810389671
443	4.0	1.1254628677422756
444	2.0	1.140175425099138
445	3.0	1.2350111437766564
446	4.0	0.855117124400329
447	3.0	1.0165300454651272
448	4.0	1.1965442163472308
449	4.0	1.3680016708427558
45	4.0	1.0898831606495272
450	3.0	0.9844607638675671
451	3.0	0.9360504666899516
452	3.0	0.944400281603035
453	3.0	0.8616404368553291
454	4.0	0.993906098036049
455	3.0	1.2015248527729196
456	4.0	0.8209220690651828
457	4.0	0.7796303421566106
458	3.0	1.0229915092057102
459	3.0	1.3027598008042578
46	3.0	0.9785579990862869
460	2.0	1.0904995136125413
461	3.0	1.1061326375099443
462	3.0	1.2765694770084508
463	3.0	1.224744871391589
464	3.0	1.2957892449938997
465	3.0	1.1726039399558574
466	3.0	1.3379872160113453
467	3.0	1.0370495157480224
468	3.0	0.9738706632648446
469	3.0	1.5529857391110689
47	4.0	0.9452438391721777
470	1.0	1.1854979567276382
471	4.0	1.2103234869834645
472	3.0	1.2482545953785713
473	2.0	1.0456258094238748
474	4.0	1.1346068247441143
475	4.0	1.2254010433494011
476	3.0	1.2366938848016846
477	4.0	1.0279596446008157
478	3.0	1.0
479	3.0	1.2673044646258476
48	3.0	1.4697295624966658
480	4.0	1.2345639955380996
481	3.0	1.0515712281065748
482	4.0	1.178376607274359
483	4.0	1.128703948225453
484	3.0	1.267731382092775
485	2.0	1.162196800376602
486	3.0	1.3569339855976197
487	2.0	1.2803687993289599
488	3.0	1.038723913473187
489	3.0	1.0408329997330663
49	4.0	1.2403473458920846
490	3.0	1.0
491	3.0	1.0
492	4.0	1.1200406322826293
493	4.0	1.1619674479813753
494	3.0	0.981761387347632
495	4.0	1.147638083514009
496	3.0	1.35400640077266
497	4.0	0.8802129144558007
498	3.0	1.2423680054112651
499	3.0	1.1636866703140785
5	3.0	1.0251085101720299
50	5.0	0.9101004495564368
500	3.0	1.0720741071765398
501	4.0	1.3157441984287541
502	2.0	1.3265520192364337
503	4.0	1.2583057392117916
504	3.0	1.4340492234024755
505	2.0	1.1245914290767742
506	4.0	1.2829722129161816
507	4.0	1.057007021569965
508	4.0	1.2719501337934371
509	4.0	1.3114625812968055
510	2.0	1.0476454436543674
511	3.0	1.097860652926879
512	3.0	1.4102354572708133
513	3.0	0.9692233691951198
514	4.0	1.0713664578268827
515	4.0	1.3239274770036522
516	3.0	1.328601590483324
517	3.0	0.9598228182949627
518	2.0	1.1566494014340898
519	2.0	1.3308434463177723
52	4.0	1.1164728513971922
520	3.0	1.4935069476507183
521	4.0	1.046340091082673
522	4.0	1.163468322123712
523	4.0	1.1559441580594298
524	4.0	1.1507434667708478
525	3.0	1.224744871391589
526	2.0	1.3093073414159542
527	5.0	0.9187580584420668
528	2.0	1.2032294851896919
529	4.0	1.2723659693438705
53	5.0	0.9258200997725514
530	3.0	1.0
531	4.0	1.2325939452341526
532	3.0	1.2236922327171857
533	3.0	1.240807785434972
534	4.0	1.260743306232687
535	4.0	1.2832251036613438
536	3.0	1.0801234497346435
537	3.0	0.9754262200082647
538	4.0	1.203762678432614
539	4.0	1.2249520864969363
54	2.0	1.2549900398011133
540	2.0	0.9667077166981805
541	4.0	0.9167698326570519
542	3.0	1.3270175619621987
543	3.0	1.0973201905494
544	3.0	1.114534656257938
545	2.0	NaN
546	2.0	1.3626200953880363
547	3.0	1.3585022838716734
548	3.0	1.081257437920694
549	4.0	1.3563714792576516
55	3.0	1.1965860528261985
550	3.0	1.0969912627311462
551	4.0	1.2889168059511509
552	3.0	1.0234004518508308
553	4.0	1.364004122565915
554	3.0	1.131370849898476
555	4.0	1.3395971588299243
556	4.0	0.8007629949278385
557	4.0	1.0
558	3.0	1.3129663350653455
559	3.0	2.0
56	1.0	1.3228756555322954
560	4.0	0.8451542547285166
561	4.0	1.1547005383792515
562	4.0	1.3111359838453722
563	3.0	1.0
564	2.0	1.0
565	3.0	1.0954451150103321
566	3.0	1.35400640077266
567	3.0	1.3587324409735149
568	4.0	1.2602520756252087
569	3.0	1.321920855223469
57	3.0	1.0879675865519869
570	3.0	1.296849328880646
571	4.0	1.0730867399773196
572	3.0	2.8284271247461903
573	4.0	1.2041594578792296
574	4.0	1.1295406451144276
575	3.0	1.4142135623730951
576	3.0	NaN
577	3.0	1.4337208778404378
578	4.0	1.0
579	2.0	NaN
58	4.0	0.9022194854911968
580	3.0	1.06355420218417
581	4.0	0.8904252595569955
582	3.0	0.0
583	4.0	1.3743685418725535
584	4.0	NaN
585	3.0	1.4251929904234157
586	3.0	1.0915102650702417
587	4.0	1.1626420000596747
588	4.0	1.239175353029407
589	4.0	0.9067137968320318
59	3.0	1.6035674514745464
590	4.0	1.3706278450604936
591	2.0	1.4142135623730951
592	4.0	1.152073229995701
593	5.0	0.9029336054483105
594	4.0	1.274111290293157
595	4.0	1.3580105428754619
596	4.0	1.2102845667008921
597	4.0	1.2261114477471657
598	4.0	0.9258200997725514
599	4.0	0.9371910137201053
6	4.0	1.2831338101955228
60	3.0	1.0194733163239875
600	3.0	1.1141720290623112
601	3.0	NaN
602	4.0	0.9874208829065749
603	3.0	1.0429378208913578
605	3.0	0.9498537899183338
606	2.0	1.0683184674178796
607	2.0	1.4142135623730951
608	5.0	0.9831380928201999
609	3.0	1.2673044646258476
61	3.0	0.937436866561092
610	4.0	1.2050676356466397
611	2.0	1.357151599901897
612	2.0	1.0127393670836666
613	4.0	1.1331154474650633
614	3.0	1.118033988749895
615	4.0	0.9454836825347087
616	3.0	1.0914832752141475
617	3.0	1.25
618	2.0	1.3693063937629153
619	3.0	1.17775072667927
62	4.0	1.2315302134607444
621	4.0	1.18938393563284
623	3.0	1.0
624	4.0	NaN
626	2.0	1.224744871391589
627	4.0	1.179689224612426
628	4.0	1.2239010925305691
63	3.0	1.404538099421754
630	3.0	1.5275252316519468
631	2.0	1.1740436015661335
632	4.0	1.0801234497346435
633	4.0	1.1239029738980326
634	1.0	1.4142135623730951
635	4.0	0.9867543820659302
637	3.0	1.234981722988283
638	3.0	1.0540925533894598
639	3.0	1.2379287267316856
64	2.0	0.9405399431259602
640	3.0	1.1710800875382399
641	1.0	NaN
642	2.0	NaN
643	2.0	1.0
644	2.0	NaN
645	3.0	1.025978352085154
647	4.0	0.9908673886137246
648	4.0	1.068738431451955
649	4.0	0.8563488385776752
65	2.0	1.0779479723001084
650	4.0	1.0552897060221726
651	2.0	NaN
652	3.0	1.224744871391589
653	3.0	1.0040833162918537
655	1.0	NaN
656	3.0	1.2565617248750864
657	3.0	0.0
658	3.0	NaN
659	4.0	1.3844373104863459
66	1.0	1.084934713857628
660	1.0	1.0
661	4.0	1.1239923392203144
662	3.0	1.3974104284396232
663	4.0	1.1796757948642471
664	3.0	0.7559289460184544
665	4.0	1.3612278194595453
666	3.0	1.5811388300841898
667	2.0	1.06321906614239
668	5.0	1.0108111250054497
669	5.0	1.2060453783110545
67	3.0	1.0
670	5.0	1.1037127426019047
671	4.0	1.3193404945878606
672	2.0	0.0
673	3.0	1.1908608089076451
674	3.0	1.1732959458821022
678	4.0	0.8852155428917011
679	3.0	1.0
68	4.0	0.9829047232134223
680	3.0	1.2279806626883454
681	4.0	1.4142135623730951
682	4.0	1.8257418583505538
684	1.0	NaN
685	3.0	1.0985884360051028
687	2.0	1.7320508075688772
688	2.0	1.0163753577908745
69	4.0	1.2273097849264059
690	2.0	1.4142135623730951
691	3.0	1.1105554165971787
692	2.0	1.0867163295692124
694	3.0	1.1922367933546472
695	3.0	0.9463204468147677
696	3.0	1.2909944487358056
697	3.0	1.1902380714238083
698	2.0	0.8660254037844386
7	3.0	1.0625925110967749
70	3.0	1.1891256095234575
700	3.0	1.0960788698304922
701	4.0	NaN
702	4.0	1.1766968108291043
703	1.0	1.0540925533894598
704	2.0	1.1790860453923726
705	4.0	1.1464230084422218
706	2.0	2.23606797749979
707	3.0	0.9081946477755609
708	3.0	1.0051489858602112
709	3.0	1.0511399073839338
71	2.0	1.0563093645728086
710	2.0	1.104536101718726
711	3.0	1.1942485119089417
712	3.0	1.0
714	4.0	1.4142135623730951
715	4.0	1.2366938848016846
716	3.0	1.319371343004213
717	4.0	NaN
718	4.0	1.4577379737113252
719	3.0	1.3503812097939996
72	4.0	1.2291743428893198
720	5.0	0.9114074914990773
722	4.0	1.0741723110591492
724	3.0	1.0249889802522534
725	3.0	1.3080944580232388
726	3.0	0.5
728	4.0	1.1824331474329313
729	4.0	1.7320508075688772
73	4.0	1.3105299650285256
730	1.0	NaN
731	3.0	1.1978241142570356
732	3.0	1.3416407864998738
733	4.0	1.2039888893614221
734	3.0	1.0
735	4.0	1.3490737563232043
736	3.0	1.1151065325339593
737	2.0	1.0896288220764287
74	3.0	1.4695794859571967
741	4.0	0.9458164145836372
742	3.0	1.2306302722800309
743	3.0	1.3282134404515813
744	2.0	1.0
745	5.0	0.8464416191528783
746	4.0	0.7745966692414834
747	2.0	1.1547005383792515
748	3.0	0.9744327738583256
749	3.0	1.5275252316519468
75	1.0	1.4459976109624424
750	5.0	0.9227084709707456
751	4.0	1.4638501094227998
753	3.0	0.9672041516493516
754	3.0	1.6832508230603465
755	4.0	0.9354143466934853
756	3.0	0.816496580927726
757	4.0	1.0
758	4.0	NaN
759	4.0	1.0170952554312156
76	3.0	1.3403768759164436
760	4.0	1.103970108290981
761	3.0	1.3088600972213802
762	2.0	1.0100505037878156
763	3.0	NaN
764	3.0	0.9931270663228415
765	3.0	1.2319281873646408
766	4.0	1.1055415967851334
767	3.0	0.8075728530872482
769	3.0	1.243163121016122
77	4.0	1.1281521496355325
771	4.0	1.3284223283101428
774	4.0	NaN
775	3.0	1.224744871391589
776	3.0	1.4142135623730951
778	4.0	1.4023789311975086
779	3.0	1.2366938848016846
78	3.0	1.0973065354098013
780	4.0	1.2198948460879144
781	4.0	1.1245914290767742
782	3.0	1.1606990230986767
783	3.0	1.0452487680674536
784	3.0	1.3356100354020506
785	4.0	1.2183157200484929
786	3.0	1.023684660051327
787	5.0	0.0
788	3.0	1.461942408982163
789	3.0	1.4142135623730951
79	3.0	1.171188036110856
790	3.0	NaN
791	3.0	1.0
792	4.0	NaN
793	2.0	1.5634719199411433
796	4.0	1.224744871391589
798	3.0	1.2075297424153717
799	3.0	1.0840083874104762
8	3.0	0.9541738631895289
80	4.0	1.1461786467196458
800	4.0	0.9127257871234532
801	3.0	1.1547005383792515
802	4.0	1.1090748163928381
803	4.0	1.1417405259389843
804	3.0	1.3802798316983058
805	4.0	1.1052485440041635
806	3.0	0.8829841544156682
807	3.0	1.1766968108291043
808	4.0	1.164964745021435
809	3.0	1.126601424298216
81	3.0	1.1415035273840826
810	1.0	0.9258200997725514
811	4.0	1.3228756555322954
813	3.0	1.179535649239177
814	3.0	NaN
815	1.0	1.2649110640673518
818	3.0	1.2757976228493628
82	4.0	1.381698559415515
820	4.0	1.5275252316519468
821	2.0	1.4142135623730951
823	3.0	1.7320508075688772
824	4.0	1.4401645996461911
826	1.0	NaN
827	3.0	0.0
828	3.0	1.547974940073107
829	2.0	1.1701413458342411
83	4.0	1.103970108290981
830	3.0	1.4463183379511848
831	4.0	1.2773327473170102
832	4.0	1.0357722511756657
833	2.0	0.993485272670404
834	2.0	1.1547005383792515
835	3.0	1.0048900047112757
836	3.0	1.2020462779100012
837	4.0	1.1718668394493128
838	4.0	1.2814054783713076
839	2.0	1.1230289532557682
84	3.0	1.2649110640673518
840	3.0	1.261680123761121
841	4.0	1.5
842	3.0	1.298717315918544
843	1.0	NaN
844	4.0	1.1547005383792515
846	4.0	1.3151918984428583
847	2.0	1.2909944487358056
848	4.0	1.1584193903206939
849	2.0	1.2167136708621076
85	4.0	1.0725013134525818
850	4.0	1.144702942944678
851	4.0	1.0350983390135313
852	3.0	0.9651922560843573
853	4.0	1.0
854	4.0	1.889822365046136
858	5.0	0.9408711515677294
859	2.0	NaN
86	3.0	1.0126854965356307
860	4.0	1.0540925533894598
861	4.0	1.1114378604524227
862	4.0	1.0954451150103321
863	3.0	1.0
864	4.0	1.1677484162422844
865	2.0	NaN
866	4.0	1.2561582106118503
867	2.0	1.122884484360431
868	3.0	NaN
869	3.0	0.8553989227683015
87	2.0	1.0456258094238748
870	2.0	1.1086778913041726
872	3.0	NaN
874	3.0	1.558387444947959
875	4.0	1.1910519095164538
876	3.0	1.5491933384829668
877	3.0	1.1978241142570356
878	4.0	NaN
879	3.0	1.368532555671294
88	3.0	1.419755896724054
880	2.0	1.0717307549685746
881	3.0	1.2773327473170102
882	3.0	1.259447059844805
884	3.0	0.0
885	2.0	1.422606594884729
886	3.0	1.4210620942549117
887	2.0	2.23606797749979
888	2.0	1.2716215146794838
889	2.0	1.0
89	3.0	0.8909880185068748
891	2.0	1.2881539734599508
892	4.0	1.2368513752683914
893	4.0	1.224744871391589
895	1.0	0.0
896	4.0	1.2
897	4.0	1.1927616745901648
898	4.0	0.8868905630979621
899	5.0	0.9330952077181978
9	3.0	1.2388113114379182
90	4.0	1.2649110640673518
900	4.0	1.3067525929498998
901	4.0	1.221200016282667
902	4.0	1.3221755360572016
903	4.0	0.8420634159374085
904	5.0	0.8376279550248337
905	4.0	0.8523740698541842
906	4.0	0.8295613557843402
907	4.0	1.3480755514093756
908	5.0	0.8271459797651831
909	4.0	0.8189463211487532
910	4.0	0.8748388196055367
911	4.0	0.8454313090728636
912	5.0	0.9249408562335086
913	5.0	0.8701710732591863
914	4.0	0.8873565094161138
915	4.0	1.3051040967281895
916	4.0	0.8632977579421393
917	4.0	1.180989772227204
918	4.0	1.2799601057612795
919	4.0	0.9296763923674382
92	2.0	1.072112534837795
920	4.0	1.45137641791973
921	4.0	1.2199885626608373
922	5.0	0.8894069800262436
923	5.0	0.948919612239769
924	4.0	1.0447704003772182
925	3.0	1.087114613009218
926	4.0	0.8738887755543042
927	4.0	1.4142135623730951
928	4.0	0.8389851630965257
929	4.0	1.1656310103003922
93	2.0	0.9943019479194254
930	4.0	0.8067842963896241
931	4.0	1.2493900951088486
932	4.0	1.3876353681330038
933	4.0	0.8169582697296344
934	4.0	1.1575551794188215
935	4.0	1.2705454396776663
936	4.0	0.819607055356919
937	4.0	1.3381695237968187
938	4.0	1.2529534999824532
939	3.0	1.3416407864998738
94	4.0	1.2122760657822576
940	4.0	1.3351005088382917
941	4.0	1.118033988749895
942	4.0	0.7973323219430655
943	4.0	1.3060943124220303
944	4.0	1.2374368670764582
945	4.0	0.8555699854482975
946	4.0	1.3252358280698573
947	4.0	0.8401680504168059
948	4.0	1.1812488464372366
949	4.0	1.314903784547304
95	3.0	1.3604644141953857
950	4.0	0.808035248116883
951	4.0	0.8483495563132981
952	4.0	1.078971317727034
953	5.0	0.9535935503875115
954	4.0	0.8407177188108462
955	4.0	0.9704367948586523
956	4.0	1.086041978694737
957	3.0	1.2360330811826103
958	3.0	0.9574271077563381
959	4.0	1.2495613265350083
96	4.0	1.2909944487358056
960	3.0	1.3954814298487213
961	4.0	1.296849328880646
962	4.0	1.1832159566199232
963	4.0	1.1895773785772161
964	3.0	1.0583005244258363
965	4.0	0.8568121054974562
966	4.0	0.6324555320336759
967	3.0	1.1281521496355325
968	4.0	1.3368301484999414
969	4.0	0.8583370108776763
97	4.0	1.4706429538383605
970	4.0	1.2360330811826103
971	4.0	0.8541836041681142
972	3.0	0.7745966692414834
973	4.0	1.319371343004213
974	4.0	1.0954451150103321
975	1.0	1.0
976	4.0	1.2210278829367867
977	2.0	0.0
978	4.0	1.4633571475938953
98	2.0	0.6324555320336759
980	3.0	1.5811388300841898
981	2.0	1.9148542155126762
982	4.0	1.1672617529928753
984	3.0	1.299038105676658
985	4.0	1.5275252316519468
986	4.0	1.184313050927584
987	3.0	1.3397282541141673
988	3.0	1.1245914290767742
989	5.0	NaN
99	4.0	1.07854777646725
990	3.0	1.1074362710059764
991	4.0	1.0117651106127619
992	3.0	1.2565617248750864
993	3.0	1.0606601717798212
994	4.0	0.8241888770921957
996	3.0	1.4471066467468192
997	3.0	1.0540925533894598
998	3.0	1.0580950890119962
999	3.0	0.964274111134126
