1962	252,0.62043643
1963	251,0.6801196
1964	253,0.7807904
1965	252,0.79726183
1966	252,0.94480205
1967	251,0.99593616
1968	226,0.8607526
1969	250,0.9136401
1970	508,1.0571849
1971	506,1.1429838
1972	502,1.164442
1973	504,1.249822
1974	506,1.1089536
1975	506,1.1397233
1976	506,1.5123118
1977	945,1.3356193
1978	1260,1.2348593
1979	1265,1.3682652
1980	1518,1.7540976
1981	1520,2.0219421
1982	2277,2.5920818
1983	3857,4.6897817
1984	7025,5.1186013
1985	11682,6.0577784
1986	11926,7.7012553
1987	12764,8.056812
1988	14151,7.047782
1989	14631,8.519078
1990	15783,7.9210873
1991	16868,8.460178
1992	18513,9.199549
1993	20199,11.483504
1994	22394,11.493544
1995	24119,12.950772
1996	25343,15.546638
1997	26376,19.698116
1998	28439,24.389656
1999	29620,26.353674
2000	30411,30.483892
2001	31928,30.473368
2002	35883,26.91841
2003	37517,26.239727
2004	40713,31.981667
2005	42489,33.726555
2006	44615,38.758045
2007	48055,42.60761
2008	50053,32.339684
2009	50338,23.564934
2010	5024,28.981518
